"year" "wolf" "wolf_extrema" "wolf_v2" "wolf_v2_extrema" "group" "group_extrema" "ertel_d_wolf" "ertel_dmax_wolf" "ertel_Q_wolf" "tapping_phase_wolf" "tapping_phase_bin_wolf" "psi_wolf" "first_year_of_cycle_wolf" "max_year_of_cycle_wolf" "last_year_of_cycle_wolf" "ertel_d_wolf_v2" "ertel_dmax_wolf_v2" "ertel_Q_wolf_v2" "tapping_phase_wolf_v2" "tapping_phase_bin_wolf_v2" "psi_wolf_v2" "first_year_of_cycle_wolf_v2" "max_year_of_cycle_wolf_v2" "last_year_of_cycle_wolf_v2" "ertel_d_group" "ertel_dmax_group" "ertel_Q_group" "tapping_phase_group" "tapping_phase_bin_group" "psi_group" "first_year_of_cycle_group" "max_year_of_cycle_group" "last_year_of_cycle_group" "yeung_percentile_wolf" "yeung_percentile_wolf_v2" "yeung_percentile_group"
1700 5 -1 8.3 -1 0.4 -1 5 6 -0.666666666666667 -0.416666666666667 1 -1 1700 1705 1712 5 6 -0.666666666666667 -0.416666666666667 1 -1 1700 1705 1712 5 6 -0.666666666666667 -0.454545454545455 1 -1 1700 1705 1711 0.0664556962025316 0.064873417721519 0.0427215189873418
1701 11 0 18.3 0 0.5 0 4 6 -0.333333333333333 -0.333333333333333 1 -0.8 1700 1705 1712 4 6 -0.333333333333333 -0.333333333333333 1 -0.8 1700 1705 1712 4 6 -0.333333333333333 -0.363636363636364 1 -0.8 1700 1705 1711 0.177215189873418 0.180379746835443 0.0474683544303797
1702 16 0 26.7 0 0.6 0 3 6 0 -0.25 2 -0.6 1700 1705 1712 3 6 0 -0.25 2 -0.6 1700 1705 1712 3 6 0 -0.272727272727273 2 -0.6 1700 1705 1711 0.254746835443038 0.264240506329114 0.0506329113924051
1703 23 0 38.3 0 2.7 0 2 6 0.333333333333333 -0.166666666666667 2 -0.4 1700 1705 1712 2 6 0.333333333333333 -0.166666666666667 2 -0.4 1700 1705 1712 2 6 0.333333333333333 -0.181818181818182 2 -0.4 1700 1705 1711 0.332278481012658 0.329113924050633 0.0743670886075949
1704 36 0 60 0 4.1 0 1 6 0.666666666666667 -0.0833333333333333 3 -0.2 1700 1705 1712 1 6 0.666666666666667 -0.0833333333333333 3 -0.2 1700 1705 1712 1 6 0.666666666666667 -0.0909090909090909 3 -0.2 1700 1705 1711 0.449367088607595 0.462025316455696 0.117088607594937
1705 58 1 96.7 1 5.5 1 0 6 1 0 3 0 1700 1705 1712 0 6 1 0 3 0 1700 1705 1712 0 6 1 0 3 0 1700 1705 1711 0.636075949367089 0.645569620253165 0.15506329113924
1706 29 0 48.3 0 3.2 0 1 6 0.666666666666667 0.0833333333333333 3 0.142857142857143 1700 1705 1712 1 6 0.666666666666667 0.0833333333333333 3 0.142857142857143 1700 1705 1712 1 6 0.666666666666667 0.0909090909090909 3 0.166666666666667 1700 1705 1711 0.382911392405063 0.395569620253165 0.0949367088607595
1707 20 0 33.3 0 5.3 0 2 6 0.333333333333333 0.166666666666667 4 0.285714285714286 1700 1705 1712 2 6 0.333333333333333 0.166666666666667 4 0.285714285714286 1700 1705 1712 2 6 0.333333333333333 0.181818181818182 4 0.333333333333333 1700 1705 1711 0.295886075949367 0.299050632911392 0.151898734177215
1708 10 0 16.7 0 2.8 0 3 6 0 0.25 4 0.428571428571429 1700 1705 1712 3 6 0 0.25 4 0.428571428571429 1700 1705 1712 3 6 0 0.272727272727273 4 0.5 1700 1705 1711 0.151898734177215 0.158227848101266 0.0791139240506329
1709 8 0 13.3 0 1.6 0 4 6 -0.333333333333333 0.333333333333333 5 0.571428571428571 1700 1705 1712 4 6 -0.333333333333333 0.333333333333333 5 0.571428571428571 1700 1705 1712 4 6 -0.333333333333333 0.363636363636364 5 0.666666666666667 1700 1705 1711 0.120253164556962 0.123417721518987 0.064873417721519
1710 3 0 5 0 0.4 0 5 6 -0.666666666666667 0.416666666666667 5 0.714285714285714 1700 1705 1712 5 6 -0.666666666666667 0.416666666666667 5 0.714285714285714 1700 1705 1712 5 6 -0.666666666666667 0.454545454545455 5 0.833333333333333 1700 1705 1711 0.0348101265822785 0.0379746835443038 0.0427215189873418
1711 0 0 0 0 0 -1 6 6 -1 0.5 5 0.857142857142857 1700 1705 1712 6 6 -1 0.5 5 0.857142857142857 1700 1705 1712 6 7 -0.714285714285714 -0.666666666666667 0 -1 1711 1719 1723 0.00632911392405063 0.00632911392405063 0.0174050632911392
1712 0 -1 0 -1 0 0 5 5 -1 -0.454545454545455 1 -1 1712 1717 1723 5 5 -1 -0.454545454545455 1 -1 1712 1717 1723 7 7 -1 -0.583333333333333 0 -0.875 1711 1719 1723 0.00632911392405063 0.00632911392405063 0.0174050632911392
1713 2 0 3.3 0 0.3 0 4 5 -0.6 -0.363636363636364 1 -0.8 1712 1717 1723 4 5 -0.6 -0.363636363636364 1 -0.8 1712 1717 1723 6 7 -0.714285714285714 -0.5 1 -0.75 1711 1719 1723 0.0221518987341772 0.0221518987341772 0.0363924050632911
1714 11 0 18.3 0 0.9 0 3 5 -0.2 -0.272727272727273 2 -0.6 1712 1717 1723 3 5 -0.2 -0.272727272727273 2 -0.6 1712 1717 1723 5 7 -0.428571428571429 -0.416666666666667 1 -0.625 1711 1719 1723 0.177215189873418 0.180379746835443 0.0537974683544304
1715 27 0 45 0 3.6 0 2 5 0.2 -0.181818181818182 2 -0.4 1712 1717 1723 2 5 0.2 -0.181818181818182 2 -0.4 1712 1717 1723 4 7 -0.142857142857143 -0.333333333333333 1 -0.5 1711 1719 1723 0.363924050632911 0.381329113924051 0.102848101265823
1716 47 0 78.3 0 9.1 0 1 5 0.6 -0.0909090909090909 3 -0.2 1712 1717 1723 1 5 0.6 -0.0909090909090909 3 -0.2 1712 1717 1723 3 7 0.142857142857143 -0.25 2 -0.375 1711 1719 1723 0.561708860759494 0.568037974683544 0.22626582278481
1717 63 1 105 1 17.5 0 0 5 1 0 3 0 1712 1717 1723 0 5 1 0 3 0 1712 1717 1723 2 7 0.428571428571429 -0.166666666666667 2 -0.25 1711 1719 1723 0.667721518987342 0.689873417721519 0.357594936708861
1718 60 0 100 0 9 0 1 5 0.6 0.0909090909090909 3 0.166666666666667 1712 1717 1723 1 5 0.6 0.0909090909090909 3 0.166666666666667 1712 1717 1723 1 7 0.714285714285714 -0.0833333333333333 3 -0.125 1711 1719 1723 0.64873417721519 0.664556962025316 0.218354430379747
1719 39 0 65 0 33.9 1 2 5 0.2 0.181818181818182 4 0.333333333333333 1712 1717 1723 2 5 0.2 0.181818181818182 4 0.333333333333333 1712 1717 1723 0 7 1 0 3 0 1711 1719 1723 0.488924050632911 0.490506329113924 0.514240506329114
1720 28 0 46.7 0 23.4 0 3 5 -0.2 0.272727272727273 4 0.5 1712 1717 1723 3 5 -0.2 0.272727272727273 4 0.5 1712 1717 1723 1 7 0.714285714285714 0.0833333333333333 3 0.25 1711 1719 1723 0.376582278481013 0.389240506329114 0.411392405063291
1721 26 0 43.3 0 21.4 0 4 5 -0.6 0.363636363636364 5 0.666666666666667 1712 1717 1723 4 5 -0.6 0.363636363636364 5 0.666666666666667 1712 1717 1723 2 7 0.428571428571429 0.166666666666667 4 0.5 1711 1719 1723 0.35126582278481 0.357594936708861 0.386075949367089
1722 22 0 36.7 0 11 0 5 5 -1 0.454545454545455 5 0.833333333333333 1712 1717 1723 5 5 -1 0.454545454545455 5 0.833333333333333 1712 1717 1723 3 7 0.142857142857143 0.25 4 0.75 1711 1719 1723 0.32120253164557 0.32120253164557 0.257911392405063
1723 11 -1 18.3 -1 4.4 -1 4 5 -0.6 -0.4 1 -1 1723 1727 1733 4 5 -0.6 -0.4 1 -1 1723 1727 1733 4 5 -0.6 -0.636363636363636 0 -1 1723 1730 1734 0.177215189873418 0.180379746835443 0.126582278481013
1724 21 0 35 0 15.6 0 3 5 -0.2 -0.3 2 -0.75 1723 1727 1733 3 5 -0.2 -0.3 2 -0.75 1723 1727 1733 5 5 -1 -0.545454545454545 0 -0.857142857142857 1723 1730 1734 0.306962025316456 0.310126582278481 0.322784810126582
1725 40 0 66.7 0 12.8 0 2 5 0.2 -0.2 2 -0.5 1723 1727 1733 2 5 0.2 -0.2 2 -0.5 1723 1727 1733 5 5 -1 -0.454545454545455 1 -0.714285714285714 1723 1730 1734 0.496835443037975 0.503164556962025 0.278481012658228
1726 78 0 130 0 36.2 0 1 5 0.6 -0.1 3 -0.25 1723 1727 1733 1 5 0.6 -0.1 3 -0.25 1723 1727 1733 4 5 -0.6 -0.363636363636364 1 -0.571428571428571 1723 1730 1734 0.783227848101266 0.789556962025316 0.541139240506329
1727 122 1 203.3 1 36.5 0 0 5 1 0 3 0 1723 1727 1733 0 5 1 0 3 0 1723 1727 1733 3 5 -0.2 -0.272727272727273 2 -0.428571428571429 1723 1730 1734 0.936708860759494 0.954113924050633 0.544303797468354
1728 103 0 171.7 0 64.2 0 1 5 0.6 0.1 4 0.166666666666667 1723 1727 1733 1 5 0.6 0.1 4 0.166666666666667 1723 1727 1733 2 5 0.2 -0.181818181818182 2 -0.285714285714286 1723 1730 1734 0.879746835443038 0.895569620253165 0.751582278481013
1729 73 0 121.7 0 24 0 2 5 0.2 0.2 4 0.333333333333333 1723 1727 1733 2 5 0.2 0.2 4 0.333333333333333 1723 1727 1733 1 5 0.6 -0.0909090909090909 3 -0.142857142857143 1723 1730 1734 0.765822784810127 0.765822784810127 0.419303797468354
1730 47 0 78.3 0 69.7 1 3 5 -0.2 0.3 5 0.5 1723 1727 1733 3 5 -0.2 0.3 5 0.5 1723 1727 1733 0 5 1 0 3 0 1723 1730 1734 0.561708860759494 0.568037974683544 0.784810126582278
1731 35 0 58.3 0 0 0 4 5 -0.6 0.4 5 0.666666666666667 1723 1727 1733 4 5 -0.6 0.4 5 0.666666666666667 1723 1727 1733 1 5 0.6 0.0909090909090909 3 0.25 1723 1730 1734 0.436708860759494 0.44620253164557 0.0174050632911392
1732 11 0 18.3 0 18 0 5 5 -1 0.5 5 0.833333333333333 1723 1727 1733 5 5 -1 0.5 5 0.833333333333333 1723 1727 1733 2 5 0.2 0.181818181818182 4 0.5 1723 1730 1734 0.177215189873418 0.180379746835443 0.360759493670886
1733 5 -1 8.3 -1 0 0 5 6 -0.666666666666667 -0.454545454545455 1 -1 1733 1738 1744 5 6 -0.666666666666667 -0.454545454545455 1 -1 1733 1738 1744 3 5 -0.2 0.272727272727273 4 0.75 1723 1730 1734 0.0664556962025316 0.064873417721519 0.0174050632911392
1734 16 0 26.7 0 0 -1 4 6 -0.333333333333333 -0.363636363636364 1 -0.8 1733 1738 1744 4 6 -0.333333333333333 -0.363636363636364 1 -0.8 1733 1738 1744 4 5 -0.6 -0.538461538461538 0 -1 1734 1741 1747 0.254746835443038 0.264240506329114 0.0174050632911392
1735 34 0 56.7 0 18.3 0 3 6 0 -0.272727272727273 2 -0.6 1733 1738 1744 3 6 0 -0.272727272727273 2 -0.6 1733 1738 1744 5 5 -1 -0.461538461538462 1 -0.857142857142857 1734 1741 1747 0.425632911392405 0.435126582278481 0.367088607594937
1736 70 0 116.7 0 48.6 0 2 6 0.333333333333333 -0.181818181818182 2 -0.4 1733 1738 1744 2 6 0.333333333333333 -0.181818181818182 2 -0.4 1733 1738 1744 5 5 -1 -0.384615384615385 1 -0.714285714285714 1734 1741 1747 0.756329113924051 0.753164556962025 0.642405063291139
1737 81 0 135 0 24 0 1 6 0.666666666666667 -0.0909090909090909 3 -0.2 1733 1738 1744 1 6 0.666666666666667 -0.0909090909090909 3 -0.2 1733 1738 1744 4 5 -0.6 -0.307692307692308 1 -0.571428571428571 1734 1741 1747 0.800632911392405 0.813291139240506 0.419303797468354
1738 111 1 185 1 17 0 0 6 1 0 3 0 1733 1738 1744 0 6 1 0 3 0 1733 1738 1744 3 5 -0.2 -0.230769230769231 2 -0.428571428571429 1734 1741 1747 0.911392405063291 0.920886075949367 0.348101265822785
1739 101 0 168.3 0 52.5 0 1 6 0.666666666666667 0.0909090909090909 3 0.166666666666667 1733 1738 1744 1 6 0.666666666666667 0.0909090909090909 3 0.166666666666667 1733 1738 1744 2 5 0.2 -0.153846153846154 2 -0.285714285714286 1734 1741 1747 0.873417721518987 0.882911392405063 0.674050632911392
1740 73 0 121.7 0 9.3 0 2 6 0.333333333333333 0.181818181818182 4 0.333333333333333 1733 1738 1744 2 6 0.333333333333333 0.181818181818182 4 0.333333333333333 1733 1738 1744 1 5 0.6 -0.0769230769230769 3 -0.142857142857143 1734 1741 1747 0.765822784810127 0.765822784810127 0.234177215189873
1741 40 0 66.7 0 57.7 1 3 6 0 0.272727272727273 4 0.5 1733 1738 1744 3 6 0 0.272727272727273 4 0.5 1733 1738 1744 0 5 1 0 3 0 1734 1741 1747 0.496835443037975 0.503164556962025 0.704113924050633
1742 20 0 33.3 0 16.1 0 4 6 -0.333333333333333 0.363636363636364 5 0.666666666666667 1733 1738 1744 4 6 -0.333333333333333 0.363636363636364 5 0.666666666666667 1733 1738 1744 1 5 0.6 0.0769230769230769 3 0.166666666666667 1734 1741 1747 0.295886075949367 0.299050632911392 0.335443037974684
1743 16 0 26.7 0 8.3 0 5 6 -0.666666666666667 0.454545454545455 5 0.833333333333333 1733 1738 1744 5 6 -0.666666666666667 0.454545454545455 5 0.833333333333333 1733 1738 1744 2 5 0.2 0.153846153846154 4 0.333333333333333 1734 1741 1747 0.254746835443038 0.264240506329114 0.199367088607595
1744 5 -1 8.3 -1 0 0 6 6 -1 -0.545454545454545 0 -1 1744 1750 1755 6 6 -1 -0.545454545454545 0 -1 1744 1750 1755 3 5 -0.2 0.230769230769231 4 0.5 1734 1741 1747 0.0664556962025316 0.064873417721519 0.0174050632911392
1745 11 0 18.3 0 0 0 5 6 -0.666666666666667 -0.454545454545455 1 -0.833333333333333 1744 1750 1755 5 6 -0.666666666666667 -0.454545454545455 1 -0.833333333333333 1744 1750 1755 4 5 -0.6 0.307692307692308 5 0.666666666666667 1734 1741 1747 0.177215189873418 0.180379746835443 0.0174050632911392
1746 22 0 36.7 0 0 0 4 6 -0.333333333333333 -0.363636363636364 1 -0.666666666666667 1744 1750 1755 4 6 -0.333333333333333 -0.363636363636364 1 -0.666666666666667 1744 1750 1755 3 5 -0.2 0.384615384615385 5 0.833333333333333 1734 1741 1747 0.32120253164557 0.32120253164557 0.0174050632911392
1747 40 0 66.7 0 0 -1 3 6 0 -0.272727272727273 2 -0.5 1744 1750 1755 3 6 0 -0.272727272727273 2 -0.5 1744 1750 1755 2 6 0.333333333333333 -0.25 2 -1 1747 1749 1755 0.496835443037975 0.503164556962025 0.0174050632911392
1748 60 0 100 0 61 0 2 6 0.333333333333333 -0.181818181818182 2 -0.333333333333333 1744 1750 1755 2 6 0.333333333333333 -0.181818181818182 2 -0.333333333333333 1744 1750 1755 1 6 0.666666666666667 -0.125 2 -0.5 1747 1749 1755 0.64873417721519 0.664556962025316 0.72626582278481
1749 80.9 0 134.8 0 63.2 1 1 6 0.666666666666667 -0.0909090909090909 3 -0.166666666666667 1744 1750 1755 1 6 0.666666666666667 -0.0909090909090909 3 -0.166666666666667 1744 1750 1755 0 6 1 0 3 0 1747 1749 1755 0.79746835443038 0.810126582278481 0.740506329113924
1750 83.4 1 139 1 58 0 0 6 1 0 3 0 1744 1750 1755 0 6 1 0 3 0 1744 1750 1755 1 6 0.666666666666667 0.125 4 0.166666666666667 1747 1749 1755 0.810126582278481 0.825949367088608 0.710443037974684
1751 47.7 0 79.5 0 33.7 0 1 6 0.666666666666667 0.0909090909090909 3 0.2 1744 1750 1755 1 6 0.666666666666667 0.0909090909090909 3 0.2 1744 1750 1755 2 6 0.333333333333333 0.25 4 0.333333333333333 1747 1749 1755 0.582278481012658 0.585443037974684 0.509493670886076
1752 47.8 0 79.7 0 29 0 2 6 0.333333333333333 0.181818181818182 4 0.4 1744 1750 1755 2 6 0.333333333333333 0.181818181818182 4 0.4 1744 1750 1755 3 6 0 0.375 5 0.5 1747 1749 1755 0.587025316455696 0.588607594936709 0.468354430379747
1753 30.7 0 51.2 0 23.9 0 3 6 0 0.272727272727273 4 0.6 1744 1750 1755 3 6 0 0.272727272727273 4 0.6 1744 1750 1755 4 6 -0.333333333333333 0.5 5 0.666666666666667 1747 1749 1755 0.408227848101266 0.408227848101266 0.414556962025316
1754 12.2 0 20.3 0 8.8 0 4 6 -0.333333333333333 0.363636363636364 5 0.8 1744 1750 1755 4 6 -0.333333333333333 0.363636363636364 5 0.8 1744 1750 1755 5 6 -0.666666666666667 0.625 0 0.833333333333333 1747 1749 1755 0.200949367088608 0.213607594936709 0.215189873417722
1755 9.6 -1 16 -1 4.7 -1 5 5 -1 -0.545454545454545 0 -1 1755 1761 1766 5 5 -1 -0.545454545454545 0 -1 1755 1761 1766 6 6 -1 -0.545454545454545 0 -1 1755 1761 1766 0.145569620253165 0.14873417721519 0.137658227848101
1756 10.2 0 17 0 7.3 0 5 5 -1 -0.454545454545455 1 -0.833333333333333 1755 1761 1766 5 5 -1 -0.454545454545455 1 -0.833333333333333 1755 1761 1766 5 6 -0.666666666666667 -0.454545454545455 1 -0.833333333333333 1755 1761 1766 0.161392405063291 0.166139240506329 0.180379746835443
1757 32.4 0 54 0 24.8 0 4 5 -0.6 -0.363636363636364 1 -0.666666666666667 1755 1761 1766 4 5 -0.6 -0.363636363636364 1 -0.666666666666667 1755 1761 1766 4 6 -0.333333333333333 -0.363636363636364 1 -0.666666666666667 1755 1761 1766 0.417721518987342 0.420886075949367 0.431962025316456
1758 47.6 0 79.3 0 40.7 0 3 5 -0.2 -0.272727272727273 2 -0.5 1755 1761 1766 3 5 -0.2 -0.272727272727273 2 -0.5 1755 1761 1766 3 6 0 -0.272727272727273 2 -0.5 1755 1761 1766 0.579113924050633 0.582278481012658 0.572784810126582
1759 54 0 90 0 49.5 0 2 5 0.2 -0.181818181818182 2 -0.333333333333333 1755 1761 1766 2 5 0.2 -0.181818181818182 2 -0.333333333333333 1755 1761 1766 2 6 0.333333333333333 -0.181818181818182 2 -0.333333333333333 1755 1761 1766 0.607594936708861 0.623417721518987 0.64873417721519
1760 62.9 0 104.8 0 45.5 0 1 5 0.6 -0.0909090909090909 3 -0.166666666666667 1755 1761 1766 1 5 0.6 -0.0909090909090909 3 -0.166666666666667 1755 1761 1766 1 6 0.666666666666667 -0.0909090909090909 3 -0.166666666666667 1755 1761 1766 0.664556962025316 0.686708860759494 0.620253164556962
1761 85.9 1 143.2 1 68.5 1 0 5 1 0 3 0 1755 1761 1766 0 5 1 0 3 0 1755 1761 1766 0 6 1 0 3 0 1755 1761 1766 0.825949367088608 0.838607594936709 0.778481012658228
1762 61.2 0 102 0 46.2 0 1 5 0.6 0.0909090909090909 3 0.2 1755 1761 1766 1 5 0.6 0.0909090909090909 3 0.2 1755 1761 1766 1 6 0.666666666666667 0.0909090909090909 3 0.2 1755 1761 1766 0.655063291139241 0.670886075949367 0.623417721518987
1763 45.1 0 75.2 0 34.2 0 2 5 0.2 0.181818181818182 4 0.4 1755 1761 1766 2 5 0.2 0.181818181818182 4 0.4 1755 1761 1766 2 6 0.333333333333333 0.181818181818182 4 0.4 1755 1761 1766 0.544303797468354 0.550632911392405 0.522151898734177
1764 36.4 0 60.7 0 30.5 0 3 5 -0.2 0.272727272727273 4 0.6 1755 1761 1766 3 5 -0.2 0.272727272727273 4 0.6 1755 1761 1766 3 6 0 0.272727272727273 4 0.6 1755 1761 1766 0.458860759493671 0.471518987341772 0.487341772151899
1765 20.9 0 34.8 0 8.4 0 4 5 -0.6 0.363636363636364 5 0.8 1755 1761 1766 4 5 -0.6 0.363636363636364 5 0.8 1755 1761 1766 4 6 -0.333333333333333 0.363636363636364 5 0.8 1755 1761 1766 0.30379746835443 0.306962025316456 0.20253164556962
1766 11.4 -1 19 -1 3.7 -1 3 4 -0.5 -0.333333333333333 1 -1 1766 1769 1775 3 4 -0.5 -0.333333333333333 1 -1 1766 1769 1775 3 5 -0.2 -0.333333333333333 1 -1 1766 1769 1775 0.193037974683544 0.199367088607595 0.107594936708861
1767 37.8 0 63 0 33.9 0 2 4 0 -0.222222222222222 2 -0.666666666666667 1766 1769 1775 2 4 0 -0.222222222222222 2 -0.666666666666667 1766 1769 1775 2 5 0.2 -0.222222222222222 2 -0.666666666666667 1766 1769 1775 0.474683544303797 0.481012658227848 0.514240506329114
1768 69.8 0 116.3 0 71.3 0 1 4 0.5 -0.111111111111111 2 -0.333333333333333 1766 1769 1775 1 4 0.5 -0.111111111111111 2 -0.333333333333333 1766 1769 1775 1 5 0.6 -0.111111111111111 2 -0.333333333333333 1766 1769 1775 0.751582278481013 0.75 0.800632911392405
1769 106.1 1 176.8 1 98.5 1 0 4 1 0 3 0 1766 1769 1775 0 4 1 0 3 0 1766 1769 1775 0 5 1 0 3 0 1766 1769 1775 0.901898734177215 0.905063291139241 0.920886075949367
1770 100.8 0 168 0 97.6 0 1 4 0.5 0.111111111111111 4 0.166666666666667 1766 1769 1775 1 4 0.5 0.111111111111111 4 0.166666666666667 1766 1769 1775 1 5 0.6 0.111111111111111 4 0.166666666666667 1766 1769 1775 0.870253164556962 0.879746835443038 0.914556962025316
1771 81.6 0 136 0 79.4 0 2 4 0 0.222222222222222 4 0.333333333333333 1766 1769 1775 2 4 0 0.222222222222222 4 0.333333333333333 1766 1769 1775 2 5 0.2 0.222222222222222 4 0.333333333333333 1766 1769 1775 0.80379746835443 0.816455696202532 0.841772151898734
1772 66.5 0 110.8 0 66.2 0 3 4 -0.5 0.333333333333333 5 0.5 1766 1769 1775 3 4 -0.5 0.333333333333333 5 0.5 1766 1769 1775 3 5 -0.2 0.333333333333333 5 0.5 1766 1769 1775 0.715189873417722 0.724683544303797 0.768987341772152
1773 34.8 0 58 0 32.4 0 4 4 -1 0.444444444444444 5 0.666666666666667 1766 1769 1775 4 4 -1 0.444444444444444 5 0.666666666666667 1766 1769 1775 4 5 -0.6 0.444444444444444 5 0.666666666666667 1766 1769 1775 0.433544303797468 0.443037974683544 0.5
1774 30.6 0 51 0 25.8 0 4 4 -1 0.555555555555556 0 0.833333333333333 1766 1769 1775 4 4 -1 0.555555555555556 0 0.833333333333333 1766 1769 1775 5 5 -1 0.555555555555556 0 0.833333333333333 1766 1769 1775 0.403481012658228 0.40506329113924 0.439873417721519
1775 7 -1 11.7 -1 5.6 -1 3 4 -0.5 -0.333333333333333 1 -1 1775 1778 1784 3 4 -0.5 -0.333333333333333 1 -1 1775 1778 1784 4 4 -1 -0.444444444444444 1 -1 1775 1779 1784 0.107594936708861 0.110759493670886 0.159810126582278
1776 19.8 0 33 0 14.1 0 2 4 0 -0.222222222222222 2 -0.666666666666667 1775 1778 1784 2 4 0 -0.222222222222222 2 -0.666666666666667 1775 1778 1784 3 4 -0.5 -0.333333333333333 1 -0.75 1775 1779 1784 0.291139240506329 0.294303797468354 0.300632911392405
1777 92.5 0 154.2 0 38.3 0 1 4 0.5 -0.111111111111111 2 -0.333333333333333 1775 1778 1784 1 4 0.5 -0.111111111111111 2 -0.333333333333333 1775 1778 1784 2 4 0 -0.222222222222222 2 -0.5 1775 1779 1784 0.837025316455696 0.860759493670886 0.55379746835443
1778 154.4 1 257.3 1 72 0 0 4 1 0 3 0 1775 1778 1784 0 4 1 0 3 0 1775 1778 1784 1 4 0.5 -0.111111111111111 2 -0.25 1775 1779 1784 0.981012658227848 0.993670886075949 0.814873417721519
1779 125.9 0 209.8 0 80.8 1 1 4 0.5 0.111111111111111 4 0.166666666666667 1775 1778 1784 1 4 0.5 0.111111111111111 4 0.166666666666667 1775 1778 1784 0 4 1 0 3 0 1775 1779 1784 0.943037974683544 0.962025316455696 0.85126582278481
1780 84.8 0 141.3 0 55 0 2 4 0 0.222222222222222 4 0.333333333333333 1775 1778 1784 2 4 0 0.222222222222222 4 0.333333333333333 1775 1778 1784 1 4 0.5 0.111111111111111 4 0.2 1775 1779 1784 0.816455696202532 0.829113924050633 0.688291139240506
1781 68.1 0 113.5 0 71.1 0 3 4 -0.5 0.333333333333333 5 0.5 1775 1778 1784 3 4 -0.5 0.333333333333333 5 0.5 1775 1778 1784 2 4 0 0.222222222222222 4 0.4 1775 1779 1784 0.737341772151899 0.740506329113924 0.79746835443038
1782 38.5 0 64.2 0 32.9 0 4 4 -1 0.444444444444444 5 0.666666666666667 1775 1778 1784 4 4 -1 0.444444444444444 5 0.666666666666667 1775 1778 1784 3 4 -0.5 0.333333333333333 5 0.6 1775 1779 1784 0.484177215189873 0.487341772151899 0.506329113924051
1783 22.8 0 38 0 21.1 0 4 4 -1 0.555555555555556 0 0.833333333333333 1775 1778 1784 4 4 -1 0.555555555555556 0 0.833333333333333 1775 1778 1784 4 4 -1 0.444444444444444 5 0.8 1775 1779 1784 0.329113924050633 0.325949367088608 0.382911392405063
1784 10.2 -1 17 -1 4.8 -1 3 8 0.25 -0.214285714285714 2 -1 1784 1787 1798 3 8 0.25 -0.214285714285714 2 -1 1784 1787 1798 3 7 0.142857142857143 -0.214285714285714 2 -1 1784 1787 1798 0.161392405063291 0.166139240506329 0.142405063291139
1785 24.1 0 40.2 0 16 0 2 8 0.5 -0.142857142857143 2 -0.666666666666667 1784 1787 1798 2 8 0.5 -0.142857142857143 2 -0.666666666666667 1784 1787 1798 2 7 0.428571428571429 -0.142857142857143 2 -0.666666666666667 1784 1787 1798 0.338607594936709 0.34493670886076 0.332278481012658
1786 82.9 0 138.2 0 63.3 0 1 8 0.75 -0.0714285714285714 3 -0.333333333333333 1784 1787 1798 1 8 0.75 -0.0714285714285714 3 -0.333333333333333 1784 1787 1798 1 7 0.714285714285714 -0.0714285714285714 3 -0.333333333333333 1784 1787 1798 0.806962025316456 0.822784810126582 0.743670886075949
1787 132 1 220 1 89.2 1 0 8 1 0 3 0 1784 1787 1798 0 8 1 0 3 0 1784 1787 1798 0 7 1 0 3 0 1784 1787 1798 0.949367088607595 0.977848101265823 0.884493670886076
1788 130.9 0 218.2 0 82.5 0 1 8 0.75 0.0714285714285714 3 0.0909090909090909 1784 1787 1798 1 8 0.75 0.0714285714285714 3 0.0909090909090909 1784 1787 1798 1 7 0.714285714285714 0.0714285714285714 3 0.0909090909090909 1784 1787 1798 0.94620253164557 0.971518987341772 0.857594936708861
1789 118.1 0 196.8 0 79.7 0 2 8 0.5 0.142857142857143 4 0.181818181818182 1784 1787 1798 2 8 0.5 0.142857142857143 4 0.181818181818182 1784 1787 1798 2 7 0.428571428571429 0.142857142857143 4 0.181818181818182 1784 1787 1798 0.927215189873418 0.943037974683544 0.844936708860759
1790 89.9 0 149.8 0 65.1 0 3 8 0.25 0.214285714285714 4 0.272727272727273 1784 1787 1798 3 8 0.25 0.214285714285714 4 0.272727272727273 1784 1787 1798 3 7 0.142857142857143 0.214285714285714 4 0.272727272727273 1784 1787 1798 0.832278481012658 0.854430379746835 0.764240506329114
1791 66.6 0 111 0 43.2 0 4 8 0 0.285714285714286 4 0.363636363636364 1784 1787 1798 4 8 0 0.285714285714286 4 0.363636363636364 1784 1787 1798 4 7 -0.142857142857143 0.285714285714286 4 0.363636363636364 1784 1787 1798 0.723101265822785 0.727848101265823 0.588607594936709
1792 60 0 100 0 42 0 5 8 -0.25 0.357142857142857 5 0.454545454545455 1784 1787 1798 5 8 -0.25 0.357142857142857 5 0.454545454545455 1784 1787 1798 5 7 -0.428571428571429 0.357142857142857 5 0.454545454545455 1784 1787 1798 0.64873417721519 0.664556962025316 0.582278481012658
1793 46.9 0 78.2 0 41 0 6 8 -0.5 0.428571428571429 5 0.545454545454545 1784 1787 1798 6 8 -0.5 0.428571428571429 5 0.545454545454545 1784 1787 1798 6 7 -0.714285714285714 0.428571428571429 5 0.545454545454545 1784 1787 1798 0.55379746835443 0.563291139240506 0.579113924050633
1794 41 0 68.3 0 30.2 0 7 8 -0.75 0.5 5 0.636363636363636 1784 1787 1798 7 8 -0.75 0.5 5 0.636363636363636 1784 1787 1798 7 7 -1 0.5 5 0.636363636363636 1784 1787 1798 0.509493670886076 0.514240506329114 0.484177215189873
1795 21.3 0 35.5 0 15.7 0 8 8 -1 0.571428571428571 0 0.727272727272727 1784 1787 1798 8 8 -1 0.571428571428571 0 0.727272727272727 1784 1787 1798 6 7 -0.714285714285714 0.571428571428571 0 0.727272727272727 1784 1787 1798 0.313291139240506 0.316455696202532 0.325949367088608
1796 16 0 26.7 0 13.7 0 8 8 -1 0.642857142857143 0 0.818181818181818 1784 1787 1798 8 8 -1 0.642857142857143 0 0.818181818181818 1784 1787 1798 5 7 -0.428571428571429 0.642857142857143 0 0.818181818181818 1784 1787 1798 0.254746835443038 0.264240506329114 0.295886075949367
1797 6.4 0 10.7 0 7.7 0 7 8 -0.75 0.714285714285714 0 0.909090909090909 1784 1787 1798 7 8 -0.75 0.714285714285714 0 0.909090909090909 1784 1787 1798 4 7 -0.142857142857143 0.714285714285714 0 0.909090909090909 1784 1787 1798 0.0917721518987342 0.0949367088607595 0.189873417721519
1798 4.1 -1 6.8 -1 4.7 -1 6 6 -1 -0.5 1 -1 1798 1804 1810 6 6 -1 -0.5 1 -1 1798 1804 1810 3 7 0.142857142857143 -0.25 2 -1 1798 1801 1810 0.0506329113924051 0.0537974683544304 0.137658227848101
1799 6.8 0 11.3 0 5.6 0 5 6 -0.666666666666667 -0.416666666666667 1 -0.833333333333333 1798 1804 1810 5 6 -0.666666666666667 -0.416666666666667 1 -0.833333333333333 1798 1804 1810 2 7 0.428571428571429 -0.166666666666667 2 -0.666666666666667 1798 1801 1810 0.102848101265823 0.10126582278481 0.159810126582278
1800 14.5 0 24.2 0 11 0 4 6 -0.333333333333333 -0.333333333333333 1 -0.666666666666667 1798 1804 1810 4 6 -0.333333333333333 -0.333333333333333 1 -0.666666666666667 1798 1804 1810 1 7 0.714285714285714 -0.0833333333333333 3 -0.333333333333333 1798 1801 1810 0.231012658227848 0.242088607594937 0.257911392405063
1801 34 0 56.7 0 51.1 1 3 6 0 -0.25 2 -0.5 1798 1804 1810 3 6 0 -0.25 2 -0.5 1798 1804 1810 0 7 1 0 3 0 1798 1801 1810 0.425632911392405 0.435126582278481 0.664556962025316
1802 45 0 75 0 35.3 0 2 6 0.333333333333333 -0.166666666666667 2 -0.333333333333333 1798 1804 1810 2 6 0.333333333333333 -0.166666666666667 2 -0.333333333333333 1798 1804 1810 1 7 0.714285714285714 0.0833333333333333 3 0.111111111111111 1798 1801 1810 0.541139240506329 0.54746835443038 0.531645569620253
1803 43.1 0 71.8 0 18.5 0 1 6 0.666666666666667 -0.0833333333333333 3 -0.166666666666667 1798 1804 1810 1 6 0.666666666666667 -0.0833333333333333 3 -0.166666666666667 1798 1804 1810 2 7 0.428571428571429 0.166666666666667 4 0.222222222222222 1798 1801 1810 0.525316455696203 0.531645569620253 0.370253164556962
1804 47.5 1 79.2 1 21.6 0 0 6 1 0 3 0 1798 1804 1810 0 6 1 0 3 0 1798 1804 1810 3 7 0.142857142857143 0.25 4 0.333333333333333 1798 1801 1810 0.574367088607595 0.57753164556962 0.393987341772152
1805 42.2 0 70.3 0 25.6 0 1 6 0.666666666666667 0.0833333333333333 3 0.166666666666667 1798 1804 1810 1 6 0.666666666666667 0.0833333333333333 3 0.166666666666667 1798 1804 1810 4 7 -0.142857142857143 0.333333333333333 5 0.444444444444444 1798 1801 1810 0.522151898734177 0.528481012658228 0.436708860759494
1806 28.1 0 46.8 0 13.3 0 2 6 0.333333333333333 0.166666666666667 4 0.333333333333333 1798 1804 1810 2 6 0.333333333333333 0.166666666666667 4 0.333333333333333 1798 1804 1810 5 7 -0.428571428571429 0.416666666666667 5 0.555555555555556 1798 1801 1810 0.379746835443038 0.392405063291139 0.281645569620253
1807 10.1 0 16.8 0 5 0 3 6 0 0.25 4 0.5 1798 1804 1810 3 6 0 0.25 4 0.5 1798 1804 1810 6 7 -0.714285714285714 0.5 5 0.666666666666667 1798 1801 1810 0.15506329113924 0.161392405063291 0.145569620253165
1808 8.1 0 13.5 0 3.5 0 4 6 -0.333333333333333 0.333333333333333 5 0.666666666666667 1798 1804 1810 4 6 -0.333333333333333 0.333333333333333 5 0.666666666666667 1798 1804 1810 7 7 -1 0.583333333333333 0 0.777777777777778 1798 1801 1810 0.123417721518987 0.129746835443038 0.0981012658227848
1809 2.5 0 4.2 0 1.2 0 5 6 -0.666666666666667 0.416666666666667 5 0.833333333333333 1798 1804 1810 5 6 -0.666666666666667 0.416666666666667 5 0.833333333333333 1798 1804 1810 7 7 -1 0.666666666666667 0 0.888888888888889 1798 1801 1810 0.0253164556962025 0.0268987341772152 0.0585443037974684
1810 0 -1 0 -1 0 -1 6 7 -0.714285714285714 -0.461538461538462 1 -1 1810 1816 1823 6 7 -0.714285714285714 -0.461538461538462 1 -1 1810 1816 1823 6 7 -0.714285714285714 -0.461538461538462 1 -1 1810 1816 1823 0.00632911392405063 0.00632911392405063 0.0174050632911392
1811 1.4 0 2.3 0 0.3 0 5 7 -0.428571428571429 -0.384615384615385 1 -0.833333333333333 1810 1816 1823 5 7 -0.428571428571429 -0.384615384615385 1 -0.833333333333333 1810 1816 1823 5 7 -0.428571428571429 -0.384615384615385 1 -0.833333333333333 1810 1816 1823 0.0142405063291139 0.0158227848101266 0.0363924050632911
1812 5 0 8.3 0 4 0 4 7 -0.142857142857143 -0.307692307692308 1 -0.666666666666667 1810 1816 1823 4 7 -0.142857142857143 -0.307692307692308 1 -0.666666666666667 1810 1816 1823 4 7 -0.142857142857143 -0.307692307692308 1 -0.666666666666667 1810 1816 1823 0.0664556962025316 0.064873417721519 0.113924050632911
1813 12.2 0 20.3 0 9.1 0 3 7 0.142857142857143 -0.230769230769231 2 -0.5 1810 1816 1823 3 7 0.142857142857143 -0.230769230769231 2 -0.5 1810 1816 1823 3 7 0.142857142857143 -0.230769230769231 2 -0.5 1810 1816 1823 0.200949367088608 0.213607594936709 0.22626582278481
1814 13.9 0 23.2 0 10.4 0 2 7 0.428571428571429 -0.153846153846154 2 -0.333333333333333 1810 1816 1823 2 7 0.428571428571429 -0.153846153846154 2 -0.333333333333333 1810 1816 1823 2 7 0.428571428571429 -0.153846153846154 2 -0.333333333333333 1810 1816 1823 0.223101265822785 0.234177215189873 0.245253164556962
1815 35.4 0 59 0 16.8 0 1 7 0.714285714285714 -0.0769230769230769 3 -0.166666666666667 1810 1816 1823 1 7 0.714285714285714 -0.0769230769230769 3 -0.166666666666667 1810 1816 1823 1 7 0.714285714285714 -0.0769230769230769 3 -0.166666666666667 1810 1816 1823 0.439873417721519 0.449367088607595 0.341772151898734
1816 45.8 1 76.3 1 30.8 1 0 7 1 0 3 0 1810 1816 1823 0 7 1 0 3 0 1810 1816 1823 0 7 1 0 3 0 1810 1816 1823 0.54746835443038 0.556962025316456 0.493670886075949
1817 41.1 0 68.3 0 28 0 1 7 0.714285714285714 0.0769230769230769 3 0.142857142857143 1810 1816 1823 1 7 0.714285714285714 0.0769230769230769 3 0.142857142857143 1810 1816 1823 1 7 0.714285714285714 0.0769230769230769 3 0.142857142857143 1810 1816 1823 0.512658227848101 0.514240506329114 0.455696202531646
1818 30.1 0 52.9 0 21.7 0 2 7 0.428571428571429 0.153846153846154 4 0.285714285714286 1810 1816 1823 2 7 0.428571428571429 0.153846153846154 4 0.285714285714286 1810 1816 1823 2 7 0.428571428571429 0.153846153846154 4 0.285714285714286 1810 1816 1823 0.395569620253165 0.411392405063291 0.39873417721519
1819 23.9 0 38.5 0 19.2 0 3 7 0.142857142857143 0.230769230769231 4 0.428571428571429 1810 1816 1823 3 7 0.142857142857143 0.230769230769231 4 0.428571428571429 1810 1816 1823 3 7 0.142857142857143 0.230769230769231 4 0.428571428571429 1810 1816 1823 0.335443037974684 0.332278481012658 0.379746835443038
1820 15.6 0 24.2 0 10.7 0 4 7 -0.142857142857143 0.307692307692308 5 0.571428571428571 1810 1816 1823 4 7 -0.142857142857143 0.307692307692308 5 0.571428571428571 1810 1816 1823 4 7 -0.142857142857143 0.307692307692308 5 0.571428571428571 1810 1816 1823 0.246835443037975 0.242088607594937 0.251582278481013
1821 6.6 0 9.2 0 4.3 0 5 7 -0.428571428571429 0.384615384615385 5 0.714285714285714 1810 1816 1823 5 7 -0.428571428571429 0.384615384615385 5 0.714285714285714 1810 1816 1823 5 7 -0.428571428571429 0.384615384615385 5 0.714285714285714 1810 1816 1823 0.0949367088607595 0.0775316455696203 0.120253164556962
1822 4 0 6.3 0 3 0 6 7 -0.714285714285714 0.461538461538462 5 0.857142857142857 1810 1816 1823 6 7 -0.714285714285714 0.461538461538462 5 0.857142857142857 1810 1816 1823 6 7 -0.714285714285714 0.461538461538462 5 0.857142857142857 1810 1816 1823 0.0474683544303797 0.0474683544303797 0.0854430379746835
1823 1.8 -1 2.2 -1 1.2 -1 7 7 -1 -0.7 0 -1 1823 1830 1833 7 7 -1 -0.7 0 -1 1823 1830 1833 7 7 -1 -0.7 0 -1 1823 1830 1833 0.0189873417721519 0.0126582278481013 0.0585443037974684
1824 8.5 0 11.4 0 5.1 0 6 7 -0.714285714285714 -0.6 0 -0.857142857142857 1823 1830 1833 6 7 -0.714285714285714 -0.6 0 -0.857142857142857 1823 1830 1833 6 7 -0.714285714285714 -0.6 0 -0.857142857142857 1823 1830 1833 0.128164556962025 0.104430379746835 0.14873417721519
1825 16.6 0 28.2 0 14.4 0 5 7 -0.428571428571429 -0.5 1 -0.714285714285714 1823 1830 1833 5 7 -0.428571428571429 -0.5 1 -0.714285714285714 1823 1830 1833 5 7 -0.428571428571429 -0.5 1 -0.714285714285714 1823 1830 1833 0.272151898734177 0.278481012658228 0.30379746835443
1826 36.3 0 59.9 0 28.6 0 4 7 -0.142857142857143 -0.4 1 -0.571428571428571 1823 1830 1833 4 7 -0.142857142857143 -0.4 1 -0.571428571428571 1823 1830 1833 4 7 -0.142857142857143 -0.4 1 -0.571428571428571 1823 1830 1833 0.455696202531646 0.458860759493671 0.458860759493671
1827 49.6 0 83 0 44.4 0 3 7 0.142857142857143 -0.3 2 -0.428571428571429 1823 1830 1833 3 7 0.142857142857143 -0.3 2 -0.428571428571429 1823 1830 1833 3 7 0.142857142857143 -0.3 2 -0.428571428571429 1823 1830 1833 0.594936708860759 0.60126582278481 0.609177215189873
1828 64.2 0 108.5 0 57 0 2 7 0.428571428571429 -0.2 2 -0.285714285714286 1823 1830 1833 2 7 0.428571428571429 -0.2 2 -0.285714285714286 1823 1830 1833 2 7 0.428571428571429 -0.2 2 -0.285714285714286 1823 1830 1833 0.694620253164557 0.718354430379747 0.699367088607595
1829 67 0 115.2 0 59.2 0 1 7 0.714285714285714 -0.1 3 -0.142857142857143 1823 1830 1833 1 7 0.714285714285714 -0.1 3 -0.142857142857143 1823 1830 1833 1 7 0.714285714285714 -0.1 3 -0.142857142857143 1823 1830 1833 0.731012658227848 0.746835443037975 0.721518987341772
1830 70.9 1 117.4 1 64.3 1 0 7 1 0 3 0 1823 1830 1833 0 7 1 0 3 0 1823 1830 1833 0 7 1 0 3 0 1823 1830 1833 0.759493670886076 0.756329113924051 0.756329113924051
1831 47.8 0 80.8 0 39.2 0 1 7 0.714285714285714 0.1 4 0.333333333333333 1823 1830 1833 1 7 0.714285714285714 0.1 4 0.333333333333333 1823 1830 1833 1 7 0.714285714285714 0.1 4 0.333333333333333 1823 1830 1833 0.587025316455696 0.593354430379747 0.560126582278481
1832 27.5 0 44.3 0 22.7 0 2 7 0.428571428571429 0.2 4 0.666666666666667 1823 1830 1833 2 7 0.428571428571429 0.2 4 0.666666666666667 1823 1830 1833 2 7 0.428571428571429 0.2 4 0.666666666666667 1823 1830 1833 0.368670886075949 0.370253164556962 0.408227848101266
1833 8.5 -1 13.4 -1 6.5 -1 3 5 -0.2 -0.4 1 -1 1833 1837 1843 3 5 -0.2 -0.4 1 -1 1833 1837 1843 3 5 -0.2 -0.4 1 -1 1833 1837 1843 0.128164556962025 0.126582278481013 0.174050632911392
1834 13.2 0 19.5 0 9.8 0 3 5 -0.2 -0.3 2 -0.75 1833 1837 1843 3 5 -0.2 -0.3 2 -0.75 1833 1837 1843 3 5 -0.2 -0.3 2 -0.75 1833 1837 1843 0.215189873417722 0.20253164556962 0.237341772151899
1835 56.9 0 85.8 0 46.3 0 2 5 0.2 -0.2 2 -0.5 1833 1837 1843 2 5 0.2 -0.2 2 -0.5 1833 1837 1843 2 5 0.2 -0.2 2 -0.5 1833 1837 1843 0.626582278481013 0.610759493670886 0.626582278481013
1836 121.5 0 192.7 0 100.2 0 1 5 0.6 -0.1 3 -0.25 1833 1837 1843 1 5 0.6 -0.1 3 -0.25 1833 1837 1843 1 5 0.6 -0.1 3 -0.25 1833 1837 1843 0.933544303797468 0.936708860759494 0.924050632911392
1837 138.3 1 227.3 1 109.4 1 0 5 1 0 3 0 1833 1837 1843 0 5 1 0 3 0 1833 1837 1843 0 5 1 0 3 0 1833 1837 1843 0.958860759493671 0.987341772151899 0.939873417721519
1838 103.2 0 168.7 0 77.4 0 1 5 0.6 0.1 4 0.166666666666667 1833 1837 1843 1 5 0.6 0.1 4 0.166666666666667 1833 1837 1843 1 5 0.6 0.1 4 0.166666666666667 1833 1837 1843 0.882911392405063 0.886075949367089 0.832278481012658
1839 85.7 0 143 0 65.1 0 2 5 0.2 0.2 4 0.333333333333333 1833 1837 1843 2 5 0.2 0.2 4 0.333333333333333 1833 1837 1843 2 5 0.2 0.2 4 0.333333333333333 1833 1837 1843 0.822784810126582 0.835443037974684 0.764240506329114
1840 64.6 0 105.5 0 48.3 0 3 5 -0.2 0.3 5 0.5 1833 1837 1843 3 5 -0.2 0.3 5 0.5 1833 1837 1843 3 5 -0.2 0.3 5 0.5 1833 1837 1843 0.70253164556962 0.694620253164557 0.639240506329114
1841 36.7 0 63.3 0 26.6 0 4 5 -0.6 0.4 5 0.666666666666667 1833 1837 1843 4 5 -0.6 0.4 5 0.666666666666667 1833 1837 1843 4 5 -0.6 0.4 5 0.666666666666667 1833 1837 1843 0.462025316455696 0.484177215189873 0.449367088607595
1842 24.2 0 40.3 0 18.8 0 5 5 -1 0.5 5 0.833333333333333 1833 1837 1843 5 5 -1 0.5 5 0.833333333333333 1833 1837 1843 5 5 -1 0.5 5 0.833333333333333 1833 1837 1843 0.341772151898734 0.348101265822785 0.373417721518987
1843 10.7 -1 18.1 -1 8.2 -1 5 6 -0.666666666666667 -0.384615384615385 1 -1 1843 1848 1856 5 6 -0.666666666666667 -0.384615384615385 1 -1 1843 1848 1856 5 6 -0.666666666666667 -0.384615384615385 1 -1 1843 1848 1856 0.167721518987342 0.170886075949367 0.19620253164557
1844 15 0 25.1 0 11.8 0 4 6 -0.333333333333333 -0.307692307692308 1 -0.8 1843 1848 1856 4 6 -0.333333333333333 -0.307692307692308 1 -0.8 1843 1848 1856 4 6 -0.333333333333333 -0.307692307692308 1 -0.8 1843 1848 1856 0.234177215189873 0.254746835443038 0.262658227848101
1845 40.1 0 65.8 0 29.8 0 3 6 0 -0.230769230769231 2 -0.6 1843 1848 1856 3 6 0 -0.230769230769231 2 -0.6 1843 1848 1856 3 6 0 -0.230769230769231 2 -0.6 1843 1848 1856 0.503164556962025 0.496835443037975 0.47626582278481
1846 61.5 0 102.7 0 43.8 0 2 6 0.333333333333333 -0.153846153846154 2 -0.4 1843 1848 1856 2 6 0.333333333333333 -0.153846153846154 2 -0.4 1843 1848 1856 2 6 0.333333333333333 -0.153846153846154 2 -0.4 1843 1848 1856 0.658227848101266 0.675632911392405 0.596518987341772
1847 98.5 0 166.3 0 58 0 1 6 0.666666666666667 -0.0769230769230769 3 -0.2 1843 1848 1856 1 6 0.666666666666667 -0.0769230769230769 3 -0.2 1843 1848 1856 1 6 0.666666666666667 -0.0769230769230769 3 -0.2 1843 1848 1856 0.863924050632911 0.876582278481013 0.710443037974684
1848 124.7 1 208.3 1 85.8 1 0 6 1 0 3 0 1843 1848 1856 0 6 1 0 3 0 1843 1848 1856 0 6 1 0 3 0 1843 1848 1856 0.939873417721519 0.958860759493671 0.867088607594937
1849 96.3 0 182.5 0 83.7 0 1 6 0.666666666666667 0.0769230769230769 3 0.125 1843 1848 1856 1 6 0.666666666666667 0.0769230769230769 3 0.125 1843 1848 1856 1 6 0.666666666666667 0.0769230769230769 3 0.125 1843 1848 1856 0.860759493670886 0.914556962025316 0.860759493670886
1850 66.6 0 126.3 0 55 0 2 6 0.333333333333333 0.153846153846154 4 0.25 1843 1848 1856 2 6 0.333333333333333 0.153846153846154 4 0.25 1843 1848 1856 2 6 0.333333333333333 0.153846153846154 4 0.25 1843 1848 1856 0.723101265822785 0.781645569620253 0.688291139240506
1851 64.5 0 122 0 58.1 0 3 6 0 0.230769230769231 4 0.375 1843 1848 1856 3 6 0 0.230769230769231 4 0.375 1843 1848 1856 3 6 0 0.230769230769231 4 0.375 1843 1848 1856 0.699367088607595 0.772151898734177 0.715189873417722
1852 54.1 0 102.7 0 49.8 0 4 6 -0.333333333333333 0.307692307692308 5 0.5 1843 1848 1856 4 6 -0.333333333333333 0.307692307692308 5 0.5 1843 1848 1856 4 6 -0.333333333333333 0.307692307692308 5 0.5 1843 1848 1856 0.610759493670886 0.675632911392405 0.651898734177215
1853 39 0 74.1 0 35.6 0 5 6 -0.666666666666667 0.384615384615385 5 0.625 1843 1848 1856 5 6 -0.666666666666667 0.384615384615385 5 0.625 1843 1848 1856 5 6 -0.666666666666667 0.384615384615385 5 0.625 1843 1848 1856 0.488924050632911 0.541139240506329 0.534810126582278
1854 20.6 0 39 0 17.3 0 6 6 -1 0.461538461538462 5 0.75 1843 1848 1856 6 6 -1 0.461538461538462 5 0.75 1843 1848 1856 6 6 -1 0.461538461538462 5 0.75 1843 1848 1856 0.300632911392405 0.335443037974684 0.35126582278481
1855 6.7 0 12.7 0 4.5 0 5 6 -0.666666666666667 0.538461538461538 0 0.875 1843 1848 1856 5 6 -0.666666666666667 0.538461538461538 0 0.875 1843 1848 1856 5 6 -0.666666666666667 0.538461538461538 0 0.875 1843 1848 1856 0.0981012658227848 0.120253164556962 0.132911392405063
1856 4.3 -1 8.2 -1 3.1 -1 4 5 -0.6 -0.363636363636364 1 -1 1856 1860 1867 4 5 -0.6 -0.363636363636364 1 -1 1856 1860 1867 4 5 -0.6 -0.363636363636364 1 -1 1856 1860 1867 0.0537974683544304 0.0569620253164557 0.0901898734177215
1857 22.7 0 43.4 0 17.4 0 3 5 -0.2 -0.272727272727273 2 -0.75 1856 1860 1867 3 5 -0.2 -0.272727272727273 2 -0.75 1856 1860 1867 3 5 -0.2 -0.272727272727273 2 -0.75 1856 1860 1867 0.325949367088608 0.360759493670886 0.354430379746835
1858 54.8 0 104.4 0 44.4 0 2 5 0.2 -0.181818181818182 2 -0.5 1856 1860 1867 2 5 0.2 -0.181818181818182 2 -0.5 1856 1860 1867 2 5 0.2 -0.181818181818182 2 -0.5 1856 1860 1867 0.620253164556962 0.683544303797468 0.609177215189873
1859 93.8 0 178.3 0 75.6 0 1 5 0.6 -0.0909090909090909 3 -0.25 1856 1860 1867 1 5 0.6 -0.0909090909090909 3 -0.25 1856 1860 1867 1 5 0.6 -0.0909090909090909 3 -0.25 1856 1860 1867 0.849683544303797 0.908227848101266 0.825949367088608
1860 95.8 1 182.2 1 85.6 1 0 5 1 0 3 0 1856 1860 1867 0 5 1 0 3 0 1856 1860 1867 0 5 1 0 3 0 1856 1860 1867 0.857594936708861 0.911392405063291 0.863924050632911
1861 77.2 0 146.6 0 70.7 0 1 5 0.6 0.0909090909090909 3 0.142857142857143 1856 1860 1867 1 5 0.6 0.0909090909090909 3 0.142857142857143 1856 1860 1867 1 5 0.6 0.0909090909090909 3 0.142857142857143 1856 1860 1867 0.775316455696203 0.841772151898734 0.791139240506329
1862 59.1 0 112.1 0 50.5 0 2 5 0.2 0.181818181818182 4 0.285714285714286 1856 1860 1867 2 5 0.2 0.181818181818182 4 0.285714285714286 1856 1860 1867 2 5 0.2 0.181818181818182 4 0.285714285714286 1856 1860 1867 0.639240506329114 0.731012658227848 0.659810126582278
1863 44 0 83.5 0 40.9 0 3 5 -0.2 0.272727272727273 4 0.428571428571429 1856 1860 1867 3 5 -0.2 0.272727272727273 4 0.428571428571429 1856 1860 1867 3 5 -0.2 0.272727272727273 4 0.428571428571429 1856 1860 1867 0.531645569620253 0.604430379746835 0.575949367088608
1864 47 0 89.2 0 34.5 0 4 5 -0.6 0.363636363636364 5 0.571428571428571 1856 1860 1867 4 5 -0.6 0.363636363636364 5 0.571428571428571 1856 1860 1867 4 5 -0.6 0.363636363636364 5 0.571428571428571 1856 1860 1867 0.561708860759494 0.620253164556962 0.525316455696203
1865 30.5 0 57.8 0 22.6 0 5 5 -1 0.454545454545455 5 0.714285714285714 1856 1860 1867 5 5 -1 0.454545454545455 5 0.714285714285714 1856 1860 1867 5 5 -1 0.454545454545455 5 0.714285714285714 1856 1860 1867 0.39873417721519 0.439873417721519 0.403481012658228
1866 16.3 0 30.7 0 13.7 0 4 5 -0.6 0.545454545454545 0 0.857142857142857 1856 1860 1867 4 5 -0.6 0.545454545454545 0 0.857142857142857 1856 1860 1867 4 5 -0.6 0.545454545454545 0 0.857142857142857 1856 1860 1867 0.264240506329114 0.287974683544304 0.295886075949367
1867 7.3 -1 13.9 -1 6.2 -1 3 6 0 -0.272727272727273 2 -1 1867 1870 1878 3 6 0 -0.272727272727273 2 -1 1867 1870 1878 3 7 0.142857142857143 -0.272727272727273 2 -1 1867 1870 1878 0.113924050632911 0.132911392405063 0.170886075949367
1868 37.6 0 62.8 0 28.9 0 2 6 0.333333333333333 -0.181818181818182 2 -0.666666666666667 1867 1870 1878 2 6 0.333333333333333 -0.181818181818182 2 -0.666666666666667 1867 1870 1878 2 7 0.428571428571429 -0.181818181818182 2 -0.666666666666667 1867 1870 1878 0.468354430379747 0.477848101265823 0.465189873417722
1869 74 0 123.6 0 62.3 0 1 6 0.666666666666667 -0.0909090909090909 3 -0.333333333333333 1867 1870 1878 1 6 0.666666666666667 -0.0909090909090909 3 -0.333333333333333 1867 1870 1878 1 7 0.714285714285714 -0.0909090909090909 3 -0.333333333333333 1867 1870 1878 0.772151898734177 0.778481012658228 0.737341772151899
1870 139 1 232 1 96.2 1 0 6 1 0 3 0 1867 1870 1878 0 6 1 0 3 0 1867 1870 1878 0 7 1 0 3 0 1867 1870 1878 0.962025316455696 0.990506329113924 0.906645569620253
1871 111.2 0 185.3 0 86.9 0 1 6 0.666666666666667 0.0909090909090909 3 0.125 1867 1870 1878 1 6 0.666666666666667 0.0909090909090909 3 0.125 1867 1870 1878 1 7 0.714285714285714 0.0909090909090909 3 0.125 1867 1870 1878 0.914556962025316 0.924050632911392 0.870253164556962
1872 101.6 0 169.2 0 80.1 0 2 6 0.333333333333333 0.181818181818182 4 0.25 1867 1870 1878 2 6 0.333333333333333 0.181818181818182 4 0.25 1867 1870 1878 2 7 0.428571428571429 0.181818181818182 4 0.25 1867 1870 1878 0.876582278481013 0.889240506329114 0.848101265822785
1873 66.2 0 110.1 0 51.7 0 3 6 0 0.272727272727273 4 0.375 1867 1870 1878 3 6 0 0.272727272727273 4 0.375 1867 1870 1878 3 7 0.142857142857143 0.272727272727273 4 0.375 1867 1870 1878 0.712025316455696 0.721518987341772 0.670886075949367
1874 44.7 0 74.5 0 35 0 4 6 -0.333333333333333 0.363636363636364 5 0.5 1867 1870 1878 4 6 -0.333333333333333 0.363636363636364 5 0.5 1867 1870 1878 4 7 -0.142857142857143 0.363636363636364 5 0.5 1867 1870 1878 0.537974683544304 0.544303797468354 0.528481012658228
1875 17 0 28.3 0 15.5 0 5 6 -0.666666666666667 0.454545454545455 5 0.625 1867 1870 1878 5 6 -0.666666666666667 0.454545454545455 5 0.625 1867 1870 1878 5 7 -0.428571428571429 0.454545454545455 5 0.625 1867 1870 1878 0.278481012658228 0.281645569620253 0.318037974683544
1876 11.3 0 18.9 0 9.1 0 6 6 -1 0.545454545454545 0 0.75 1867 1870 1878 6 6 -1 0.545454545454545 0 0.75 1867 1870 1878 6 7 -0.714285714285714 0.545454545454545 0 0.75 1867 1870 1878 0.189873417721519 0.19620253164557 0.22626582278481
1877 12.4 0 20.7 0 8.5 0 6 6 -1 0.636363636363636 0 0.875 1867 1870 1878 6 6 -1 0.636363636363636 0 0.875 1867 1870 1878 7 7 -1 0.636363636363636 0 0.875 1867 1870 1878 0.205696202531646 0.221518987341772 0.207278481012658
1878 3.4 -1 5.7 -1 2.7 -1 5 5 -1 -0.454545454545455 1 -1 1878 1883 1889 5 5 -1 -0.454545454545455 1 -1 1878 1883 1889 6 6 -1 -0.545454545454545 0 -1 1878 1884 1889 0.0411392405063291 0.0411392405063291 0.0743670886075949
1879 6 0 10 0 4.4 0 4 5 -0.6 -0.363636363636364 1 -0.8 1878 1883 1889 4 5 -0.6 -0.363636363636364 1 -0.8 1878 1883 1889 5 6 -0.666666666666667 -0.454545454545455 1 -0.833333333333333 1878 1884 1889 0.0854430379746835 0.0886075949367089 0.126582278481013
1880 32.3 0 53.7 0 24.8 0 3 5 -0.2 -0.272727272727273 2 -0.6 1878 1883 1889 3 5 -0.2 -0.272727272727273 2 -0.6 1878 1883 1889 4 6 -0.333333333333333 -0.363636363636364 1 -0.666666666666667 1878 1884 1889 0.414556962025316 0.417721518987342 0.431962025316456
1881 54.3 0 90.5 0 45.2 0 2 5 0.2 -0.181818181818182 2 -0.4 1878 1883 1889 2 5 0.2 -0.181818181818182 2 -0.4 1878 1883 1889 3 6 0 -0.272727272727273 2 -0.5 1878 1884 1889 0.613924050632911 0.629746835443038 0.613924050632911
1882 59.7 0 99 0 47.9 0 1 5 0.6 -0.0909090909090909 3 -0.2 1878 1883 1889 1 5 0.6 -0.0909090909090909 3 -0.2 1878 1883 1889 2 6 0.333333333333333 -0.181818181818182 2 -0.333333333333333 1878 1884 1889 0.642405063291139 0.655063291139241 0.636075949367089
1883 63.7 1 106.1 1 54.7 0 0 5 1 0 3 0 1878 1883 1889 0 5 1 0 3 0 1878 1883 1889 1 6 0.666666666666667 -0.0909090909090909 3 -0.166666666666667 1878 1884 1889 0.683544303797468 0.705696202531646 0.683544303797468
1884 63.5 0 105.8 0 61.7 1 1 5 0.6 0.0909090909090909 3 0.166666666666667 1878 1883 1889 1 5 0.6 0.0909090909090909 3 0.166666666666667 1878 1883 1889 0 6 1 0 3 0 1878 1884 1889 0.67246835443038 0.70253164556962 0.734177215189873
1885 52.2 0 86.3 0 47.3 0 2 5 0.2 0.181818181818182 4 0.333333333333333 1878 1883 1889 2 5 0.2 0.181818181818182 4 0.333333333333333 1878 1883 1889 1 6 0.666666666666667 0.0909090909090909 3 0.2 1878 1884 1889 0.598101265822785 0.613924050632911 0.632911392405063
1886 25.4 0 42.4 0 22.6 0 3 5 -0.2 0.272727272727273 4 0.5 1878 1883 1889 3 5 -0.2 0.272727272727273 4 0.5 1878 1883 1889 2 6 0.333333333333333 0.181818181818182 4 0.4 1878 1884 1889 0.348101265822785 0.354430379746835 0.403481012658228
1887 13.1 0 21.8 0 12.7 0 4 5 -0.6 0.363636363636364 5 0.666666666666667 1878 1883 1889 4 5 -0.6 0.363636363636364 5 0.666666666666667 1878 1883 1889 3 6 0 0.272727272727273 4 0.6 1878 1884 1889 0.212025316455696 0.224683544303797 0.275316455696203
1888 6.8 0 11.2 0 7.6 0 5 5 -1 0.454545454545455 5 0.833333333333333 1878 1883 1889 5 5 -1 0.454545454545455 5 0.833333333333333 1878 1883 1889 4 6 -0.333333333333333 0.363636363636364 5 0.8 1878 1884 1889 0.102848101265823 0.0981012658227848 0.185126582278481
1889 6.3 -1 10.4 -1 5.8 -1 4 6 -0.333333333333333 -0.333333333333333 1 -1 1889 1893 1901 4 6 -0.333333333333333 -0.333333333333333 1 -1 1889 1893 1901 5 6 -0.666666666666667 -0.416666666666667 1 -1 1889 1894 1901 0.0886075949367089 0.0917721518987342 0.164556962025316
1890 7.1 0 11.8 0 7.8 0 3 6 0 -0.25 2 -0.75 1889 1893 1901 3 6 0 -0.25 2 -0.75 1889 1893 1901 4 6 -0.333333333333333 -0.333333333333333 1 -0.8 1889 1894 1901 0.110759493670886 0.113924050632911 0.193037974683544
1891 35.6 0 59.5 0 38.9 0 2 6 0.333333333333333 -0.166666666666667 2 -0.5 1889 1893 1901 2 6 0.333333333333333 -0.166666666666667 2 -0.5 1889 1893 1901 3 6 0 -0.25 2 -0.6 1889 1894 1901 0.443037974683544 0.455696202531646 0.556962025316456
1892 73 0 121.7 0 68.3 0 1 6 0.666666666666667 -0.0833333333333333 3 -0.25 1889 1893 1901 1 6 0.666666666666667 -0.0833333333333333 3 -0.25 1889 1893 1901 2 6 0.333333333333333 -0.166666666666667 2 -0.4 1889 1894 1901 0.765822784810127 0.765822784810127 0.775316455696203
1893 85.1 1 142 1 87.9 0 0 6 1 0 3 0 1889 1893 1901 0 6 1 0 3 0 1889 1893 1901 1 6 0.666666666666667 -0.0833333333333333 3 -0.2 1889 1894 1901 0.819620253164557 0.832278481012658 0.873417721518987
1894 78 0 130 0 88 1 1 6 0.666666666666667 0.0833333333333333 3 0.125 1889 1893 1901 1 6 0.666666666666667 0.0833333333333333 3 0.125 1889 1893 1901 0 6 1 0 3 0 1889 1894 1901 0.783227848101266 0.789556962025316 0.876582278481013
1895 64 0 106.6 0 69.2 0 2 6 0.333333333333333 0.166666666666667 4 0.25 1889 1893 1901 2 6 0.333333333333333 0.166666666666667 4 0.25 1889 1893 1901 1 6 0.666666666666667 0.0833333333333333 3 0.142857142857143 1889 1894 1901 0.689873417721519 0.712025316455696 0.781645569620253
1896 41.8 0 69.4 0 39.7 0 3 6 0 0.25 4 0.375 1889 1893 1901 3 6 0 0.25 4 0.375 1889 1893 1901 2 6 0.333333333333333 0.166666666666667 4 0.285714285714286 1889 1894 1901 0.515822784810127 0.518987341772152 0.566455696202532
1897 26.2 0 43.8 0 30.6 0 4 6 -0.333333333333333 0.333333333333333 5 0.5 1889 1893 1901 4 6 -0.333333333333333 0.333333333333333 5 0.5 1889 1893 1901 3 6 0 0.25 4 0.428571428571429 1889 1894 1901 0.357594936708861 0.367088607594937 0.490506329113924
1898 26.7 0 44.4 0 26 0 5 6 -0.666666666666667 0.416666666666667 5 0.625 1889 1893 1901 5 6 -0.666666666666667 0.416666666666667 5 0.625 1889 1893 1901 4 6 -0.333333333333333 0.333333333333333 5 0.571428571428571 1889 1894 1901 0.360759493670886 0.373417721518987 0.444620253164557
1899 12.1 0 20.2 0 12.3 0 6 6 -1 0.5 5 0.75 1889 1893 1901 6 6 -1 0.5 5 0.75 1889 1893 1901 5 6 -0.666666666666667 0.416666666666667 5 0.714285714285714 1889 1894 1901 0.19620253164557 0.208860759493671 0.268987341772152
1900 9.5 0 15.7 0 9.1 0 5 6 -0.666666666666667 0.583333333333333 0 0.875 1889 1893 1901 5 6 -0.666666666666667 0.583333333333333 0 0.875 1889 1893 1901 6 6 -1 0.5 5 0.857142857142857 1889 1894 1901 0.139240506329114 0.145569620253165 0.22626582278481
1901 2.7 -1 4.6 -1 2.5 -1 4 6 -0.333333333333333 -0.333333333333333 1 -1 1901 1905 1913 4 6 -0.333333333333333 -0.333333333333333 1 -1 1901 1905 1913 6 6 -1 -0.5 1 -1 1901 1907 1913 0.0284810126582278 0.0316455696202532 0.069620253164557
1902 5 0 8.5 0 3.8 0 3 6 0 -0.25 2 -0.75 1901 1905 1913 3 6 0 -0.25 2 -0.75 1901 1905 1913 5 6 -0.666666666666667 -0.416666666666667 1 -0.833333333333333 1901 1907 1913 0.0664556962025316 0.0727848101265823 0.110759493670886
1903 24.4 0 40.8 0 24.1 0 2 6 0.333333333333333 -0.166666666666667 2 -0.5 1901 1905 1913 2 6 0.333333333333333 -0.166666666666667 2 -0.5 1901 1905 1913 4 6 -0.333333333333333 -0.333333333333333 1 -0.666666666666667 1901 1907 1913 0.34493670886076 0.35126582278481 0.424050632911392
1904 42 0 70.1 0 45.3 0 1 6 0.666666666666667 -0.0833333333333333 3 -0.25 1901 1905 1913 1 6 0.666666666666667 -0.0833333333333333 3 -0.25 1901 1905 1913 3 6 0 -0.25 2 -0.5 1901 1907 1913 0.518987341772152 0.525316455696203 0.617088607594937
1905 63.5 1 105.5 1 61 0 0 6 1 0 3 0 1901 1905 1913 0 6 1 0 3 0 1901 1905 1913 2 6 0.333333333333333 -0.166666666666667 2 -0.333333333333333 1901 1907 1913 0.67246835443038 0.694620253164557 0.72626582278481
1906 53.8 0 90.1 0 56.2 0 1 6 0.666666666666667 0.0833333333333333 3 0.125 1901 1905 1913 1 6 0.666666666666667 0.0833333333333333 3 0.125 1901 1905 1913 1 6 0.666666666666667 -0.0833333333333333 3 -0.166666666666667 1901 1907 1913 0.60126582278481 0.626582278481013 0.69620253164557
1907 62 0 102.8 0 61.4 1 2 6 0.333333333333333 0.166666666666667 4 0.25 1901 1905 1913 2 6 0.333333333333333 0.166666666666667 4 0.25 1901 1905 1913 0 6 1 0 3 0 1901 1907 1913 0.661392405063291 0.680379746835443 0.731012658227848
1908 48.5 0 80.9 0 53.1 0 3 6 0 0.25 4 0.375 1901 1905 1913 3 6 0 0.25 4 0.375 1901 1905 1913 1 6 0.666666666666667 0.0833333333333333 3 0.166666666666667 1901 1907 1913 0.591772151898734 0.598101265822785 0.677215189873418
1909 43.9 0 73.2 0 46.4 0 4 6 -0.333333333333333 0.333333333333333 5 0.5 1901 1905 1913 4 6 -0.333333333333333 0.333333333333333 5 0.5 1901 1905 1913 2 6 0.333333333333333 0.166666666666667 4 0.333333333333333 1901 1907 1913 0.528481012658228 0.534810126582278 0.629746835443038
1910 18.6 0 30.9 0 21.5 0 5 6 -0.666666666666667 0.416666666666667 5 0.625 1901 1905 1913 5 6 -0.666666666666667 0.416666666666667 5 0.625 1901 1905 1913 3 6 0 0.25 4 0.5 1901 1907 1913 0.287974683544304 0.291139240506329 0.389240506329114
1911 5.7 0 9.5 0 8.5 0 6 6 -1 0.5 5 0.75 1901 1905 1913 6 6 -1 0.5 5 0.75 1901 1905 1913 4 6 -0.333333333333333 0.333333333333333 5 0.666666666666667 1901 1907 1913 0.0775316455696203 0.0822784810126582 0.207278481012658
1912 3.6 0 6 0 3.6 0 5 6 -0.666666666666667 0.583333333333333 0 0.875 1901 1905 1913 5 6 -0.666666666666667 0.583333333333333 0 0.875 1901 1905 1913 5 6 -0.666666666666667 0.416666666666667 5 0.833333333333333 1901 1907 1913 0.0443037974683544 0.0443037974683544 0.102848101265823
1913 1.4 -1 2.4 -1 1.6 -1 4 5 -0.6 -0.4 1 -1 1913 1917 1923 4 5 -0.6 -0.4 1 -1 1913 1917 1923 4 5 -0.6 -0.4 1 -1 1913 1917 1923 0.0142405063291139 0.0189873417721519 0.064873417721519
1914 9.6 0 16.1 0 12.4 0 3 5 -0.2 -0.3 2 -0.75 1913 1917 1923 3 5 -0.2 -0.3 2 -0.75 1913 1917 1923 3 5 -0.2 -0.3 2 -0.75 1913 1917 1923 0.145569620253165 0.153481012658228 0.272151898734177
1915 47.4 0 79 0 50.5 0 2 5 0.2 -0.2 2 -0.5 1913 1917 1923 2 5 0.2 -0.2 2 -0.5 1913 1917 1923 2 5 0.2 -0.2 2 -0.5 1913 1917 1923 0.569620253164557 0.572784810126582 0.659810126582278
1916 57.1 0 95 0 67.1 0 1 5 0.6 -0.1 3 -0.25 1913 1917 1923 1 5 0.6 -0.1 3 -0.25 1913 1917 1923 1 5 0.6 -0.1 3 -0.25 1913 1917 1923 0.629746835443038 0.642405063291139 0.772151898734177
1917 103.9 1 173.6 1 110.1 1 0 5 1 0 3 0 1913 1917 1923 0 5 1 0 3 0 1913 1917 1923 0 5 1 0 3 0 1913 1917 1923 0.886075949367089 0.89873417721519 0.943037974683544
1918 80.6 0 134.6 0 89.2 0 1 5 0.6 0.1 4 0.166666666666667 1913 1917 1923 1 5 0.6 0.1 4 0.166666666666667 1913 1917 1923 1 5 0.6 0.1 4 0.166666666666667 1913 1917 1923 0.794303797468354 0.806962025316456 0.884493670886076
1919 63.6 0 105.7 0 71.6 0 2 5 0.2 0.2 4 0.333333333333333 1913 1917 1923 2 5 0.2 0.2 4 0.333333333333333 1913 1917 1923 2 5 0.2 0.2 4 0.333333333333333 1913 1917 1923 0.67879746835443 0.699367088607595 0.805379746835443
1920 37.6 0 62.7 0 43.5 0 3 5 -0.2 0.3 5 0.5 1913 1917 1923 3 5 -0.2 0.3 5 0.5 1913 1917 1923 3 5 -0.2 0.3 5 0.5 1913 1917 1923 0.468354430379747 0.474683544303797 0.591772151898734
1921 26.1 0 43.5 0 28.7 0 4 5 -0.6 0.4 5 0.666666666666667 1913 1917 1923 4 5 -0.6 0.4 5 0.666666666666667 1913 1917 1923 4 5 -0.6 0.4 5 0.666666666666667 1913 1917 1923 0.354430379746835 0.363924050632911 0.462025316455696
1922 14.2 0 23.7 0 15.8 0 5 5 -1 0.5 5 0.833333333333333 1913 1917 1923 5 5 -1 0.5 5 0.833333333333333 1913 1917 1923 5 5 -1 0.5 5 0.833333333333333 1913 1917 1923 0.227848101265823 0.237341772151899 0.329113924050633
1923 5.8 -1 9.7 -1 6.9 -1 5 5 -1 -0.5 1 -1 1923 1928 1933 5 5 -1 -0.5 1 -1 1923 1928 1933 5 5 -1 -0.5 1 -1 1923 1928 1933 0.0822784810126582 0.0854430379746835 0.177215189873418
1924 16.7 0 27.9 0 18.2 0 4 5 -0.6 -0.4 1 -0.8 1923 1928 1933 4 5 -0.6 -0.4 1 -0.8 1923 1928 1933 4 5 -0.6 -0.4 1 -0.8 1923 1928 1933 0.275316455696203 0.275316455696203 0.363924050632911
1925 44.3 0 74 0 51.2 0 3 5 -0.2 -0.3 2 -0.6 1923 1928 1933 3 5 -0.2 -0.3 2 -0.6 1923 1928 1933 3 5 -0.2 -0.3 2 -0.6 1923 1928 1933 0.534810126582278 0.537974683544304 0.667721518987342
1926 63.9 0 106.5 0 70.8 0 2 5 0.2 -0.2 2 -0.4 1923 1928 1933 2 5 0.2 -0.2 2 -0.4 1923 1928 1933 2 5 0.2 -0.2 2 -0.4 1923 1928 1933 0.686708860759494 0.708860759493671 0.794303797468354
1927 69 0 114.7 0 77.6 0 1 5 0.6 -0.1 3 -0.2 1923 1928 1933 1 5 0.6 -0.1 3 -0.2 1923 1928 1933 1 5 0.6 -0.1 3 -0.2 1923 1928 1933 0.743670886075949 0.743670886075949 0.835443037974684
1928 77.8 1 129.7 1 82.3 1 0 5 1 0 3 0 1923 1928 1933 0 5 1 0 3 0 1923 1928 1933 0 5 1 0 3 0 1923 1928 1933 0.778481012658228 0.784810126582278 0.854430379746835
1929 64.9 0 108.2 0 74.4 0 1 5 0.6 0.1 4 0.2 1923 1928 1933 1 5 0.6 0.1 4 0.2 1923 1928 1933 1 5 0.6 0.1 4 0.2 1923 1928 1933 0.707278481012658 0.715189873417722 0.822784810126582
1930 35.7 0 59.4 0 44.2 0 2 5 0.2 0.2 4 0.4 1923 1928 1933 2 5 0.2 0.2 4 0.4 1923 1928 1933 2 5 0.2 0.2 4 0.4 1923 1928 1933 0.44620253164557 0.45253164556962 0.604430379746835
1931 21.2 0 35.1 0 26 0 3 5 -0.2 0.3 5 0.6 1923 1928 1933 3 5 -0.2 0.3 5 0.6 1923 1928 1933 3 5 -0.2 0.3 5 0.6 1923 1928 1933 0.310126582278481 0.313291139240506 0.444620253164557
1932 11.1 0 18.6 0 13.5 0 4 5 -0.6 0.4 5 0.8 1923 1928 1933 4 5 -0.6 0.4 5 0.8 1923 1928 1933 4 5 -0.6 0.4 5 0.8 1923 1928 1933 0.186708860759494 0.193037974683544 0.286392405063291
1933 5.7 -1 9.2 -1 5.9 -1 4 5 -0.6 -0.363636363636364 1 -1 1933 1937 1944 4 5 -0.6 -0.363636363636364 1 -1 1933 1937 1944 4 5 -0.6 -0.363636363636364 1 -1 1933 1937 1944 0.0775316455696203 0.0775316455696203 0.167721518987342
1934 8.7 0 14.6 0 10.4 0 3 5 -0.2 -0.272727272727273 2 -0.75 1933 1937 1944 3 5 -0.2 -0.272727272727273 2 -0.75 1933 1937 1944 3 5 -0.2 -0.272727272727273 2 -0.75 1933 1937 1944 0.136075949367089 0.136075949367089 0.245253164556962
1935 36.1 0 60.2 0 42.8 0 2 5 0.2 -0.181818181818182 2 -0.5 1933 1937 1944 2 5 0.2 -0.181818181818182 2 -0.5 1933 1937 1944 2 5 0.2 -0.181818181818182 2 -0.5 1933 1937 1944 0.45253164556962 0.465189873417722 0.585443037974684
1936 79.7 0 132.8 0 88.8 0 1 5 0.6 -0.0909090909090909 3 -0.25 1933 1937 1944 1 5 0.6 -0.0909090909090909 3 -0.25 1933 1937 1944 1 5 0.6 -0.0909090909090909 3 -0.25 1933 1937 1944 0.791139240506329 0.79746835443038 0.879746835443038
1937 114.4 1 190.6 1 120.6 1 0 5 1 0 3 0 1933 1937 1944 0 5 1 0 3 0 1933 1937 1944 0 5 1 0 3 0 1933 1937 1944 0.920886075949367 0.927215189873418 0.958860759493671
1938 109.6 0 182.6 0 113.6 0 1 5 0.6 0.0909090909090909 3 0.142857142857143 1933 1937 1944 1 5 0.6 0.0909090909090909 3 0.142857142857143 1933 1937 1944 1 5 0.6 0.0909090909090909 3 0.142857142857143 1933 1937 1944 0.905063291139241 0.917721518987342 0.949367088607595
1939 88.8 0 148 0 97.3 0 2 5 0.2 0.181818181818182 4 0.285714285714286 1933 1937 1944 2 5 0.2 0.181818181818182 4 0.285714285714286 1933 1937 1944 2 5 0.2 0.181818181818182 4 0.285714285714286 1933 1937 1944 0.829113924050633 0.846518987341772 0.911392405063291
1940 67.8 0 113 0 71.7 0 3 5 -0.2 0.272727272727273 4 0.428571428571429 1933 1937 1944 3 5 -0.2 0.272727272727273 4 0.428571428571429 1933 1937 1944 3 5 -0.2 0.272727272727273 4 0.428571428571429 1933 1937 1944 0.734177215189873 0.734177215189873 0.810126582278481
1941 47.5 0 79.2 0 49.9 0 4 5 -0.6 0.363636363636364 5 0.571428571428571 1933 1937 1944 4 5 -0.6 0.363636363636364 5 0.571428571428571 1933 1937 1944 4 5 -0.6 0.363636363636364 5 0.571428571428571 1933 1937 1944 0.574367088607595 0.57753164556962 0.655063291139241
1942 30.6 0 50.8 0 32.8 0 5 5 -1 0.454545454545455 5 0.714285714285714 1933 1937 1944 5 5 -1 0.454545454545455 5 0.714285714285714 1933 1937 1944 5 5 -1 0.454545454545455 5 0.714285714285714 1933 1937 1944 0.403481012658228 0.401898734177215 0.503164556962025
1943 16.3 0 27.1 0 15.5 0 4 5 -0.6 0.545454545454545 0 0.857142857142857 1933 1937 1944 4 5 -0.6 0.545454545454545 0 0.857142857142857 1933 1937 1944 4 5 -0.6 0.545454545454545 0 0.857142857142857 1933 1937 1944 0.264240506329114 0.272151898734177 0.318037974683544
1944 9.6 -1 16.1 -1 10.7 -1 3 5 -0.2 -0.3 2 -1 1944 1947 1954 3 5 -0.2 -0.3 2 -1 1944 1947 1954 3 5 -0.2 -0.3 2 -1 1944 1947 1954 0.145569620253165 0.153481012658228 0.251582278481013
1945 33.2 0 55.3 0 37.3 0 2 5 0.2 -0.2 2 -0.666666666666667 1944 1947 1954 2 5 0.2 -0.2 2 -0.666666666666667 1944 1947 1954 2 5 0.2 -0.2 2 -0.666666666666667 1944 1947 1954 0.420886075949367 0.430379746835443 0.54746835443038
1946 92.6 0 154.3 0 95.3 0 1 5 0.6 -0.1 3 -0.333333333333333 1944 1947 1954 1 5 0.6 -0.1 3 -0.333333333333333 1944 1947 1954 1 5 0.6 -0.1 3 -0.333333333333333 1944 1947 1954 0.841772151898734 0.863924050632911 0.895569620253165
1947 151.6 1 214.7 1 144.9 1 0 5 1 0 3 0 1944 1947 1954 0 5 1 0 3 0 1944 1947 1954 0 5 1 0 3 0 1944 1947 1954 0.977848101265823 0.968354430379747 0.977848101265823
1948 136.3 0 193 0 127.5 0 1 5 0.6 0.1 4 0.142857142857143 1944 1947 1954 1 5 0.6 0.1 4 0.142857142857143 1944 1947 1954 1 5 0.6 0.1 4 0.142857142857143 1944 1947 1954 0.955696202531646 0.939873417721519 0.965189873417722
1949 134.7 0 190.7 0 129.3 0 2 5 0.2 0.2 4 0.285714285714286 1944 1947 1954 2 5 0.2 0.2 4 0.285714285714286 1944 1947 1954 2 5 0.2 0.2 4 0.285714285714286 1944 1947 1954 0.95253164556962 0.930379746835443 0.968354430379747
1950 83.9 0 118.9 0 76 0 3 5 -0.2 0.3 5 0.428571428571429 1944 1947 1954 3 5 -0.2 0.3 5 0.428571428571429 1944 1947 1954 3 5 -0.2 0.3 5 0.428571428571429 1944 1947 1954 0.813291139240506 0.759493670886076 0.829113924050633
1951 69.4 0 98.3 0 58.3 0 4 5 -0.6 0.4 5 0.571428571428571 1944 1947 1954 4 5 -0.6 0.4 5 0.571428571428571 1944 1947 1954 4 5 -0.6 0.4 5 0.571428571428571 1944 1947 1954 0.746835443037975 0.651898734177215 0.718354430379747
1952 31.5 0 45 0 29.6 0 5 5 -1 0.5 5 0.714285714285714 1944 1947 1954 5 5 -1 0.5 5 0.714285714285714 1944 1947 1954 5 5 -1 0.5 5 0.714285714285714 1944 1947 1954 0.411392405063291 0.381329113924051 0.471518987341772
1953 13.9 0 20.1 0 13.6 0 4 5 -0.6 0.6 0 0.857142857142857 1944 1947 1954 4 5 -0.6 0.6 0 0.857142857142857 1944 1947 1954 5 5 -1 0.6 0 0.857142857142857 1944 1947 1954 0.223101265822785 0.205696202531646 0.291139240506329
1954 4.4 -1 6.6 -1 4.4 -1 3 5 -0.2 -0.3 2 -1 1954 1957 1964 3 5 -0.2 -0.3 2 -1 1954 1957 1964 4 6 -0.333333333333333 -0.4 1 -1 1954 1958 1964 0.0569620253164557 0.0506329113924051 0.126582278481013
1955 38 0 54.2 0 38.1 0 2 5 0.2 -0.2 2 -0.666666666666667 1954 1957 1964 2 5 0.2 -0.2 2 -0.666666666666667 1954 1957 1964 3 6 0 -0.3 2 -0.75 1954 1958 1964 0.479430379746835 0.427215189873418 0.550632911392405
1956 141.7 0 200.7 0 126.1 0 1 5 0.6 -0.1 3 -0.333333333333333 1954 1957 1964 1 5 0.6 -0.1 3 -0.333333333333333 1954 1957 1964 2 6 0.333333333333333 -0.2 2 -0.5 1954 1958 1964 0.968354430379747 0.949367088607595 0.962025316455696
1957 190.2 1 269.3 1 165.9 0 0 5 1 0 3 0 1954 1957 1964 0 5 1 0 3 0 1954 1957 1964 1 6 0.666666666666667 -0.1 3 -0.25 1954 1958 1964 1 1 0.996835443037975
1958 184.8 0 261.7 0 175.1 1 1 5 0.6 0.1 4 0.142857142857143 1954 1957 1964 1 5 0.6 0.1 4 0.142857142857143 1954 1957 1964 0 6 1 0 3 0 1954 1958 1964 0.996835443037975 0.996835443037975 1
1959 159 0 225.1 0 149.5 0 2 5 0.2 0.2 4 0.285714285714286 1954 1957 1964 2 5 0.2 0.2 4 0.285714285714286 1954 1957 1964 1 6 0.666666666666667 0.1 4 0.166666666666667 1954 1958 1964 0.993670886075949 0.984177215189873 0.990506329113924
1960 112.3 0 159 0 103.8 0 3 5 -0.2 0.3 5 0.428571428571429 1954 1957 1964 3 5 -0.2 0.3 5 0.428571428571429 1954 1957 1964 2 6 0.333333333333333 0.2 4 0.333333333333333 1954 1958 1964 0.917721518987342 0.867088607594937 0.930379746835443
1961 53.9 0 76.4 0 49.1 0 4 5 -0.6 0.4 5 0.571428571428571 1954 1957 1964 4 5 -0.6 0.4 5 0.571428571428571 1954 1957 1964 3 6 0 0.3 5 0.5 1954 1958 1964 0.604430379746835 0.560126582278481 0.645569620253165
1962 37.6 0 53.4 0 31.4 0 5 5 -1 0.5 5 0.714285714285714 1954 1957 1964 5 5 -1 0.5 5 0.714285714285714 1954 1957 1964 4 6 -0.333333333333333 0.4 5 0.666666666666667 1954 1958 1964 0.468354430379747 0.414556962025316 0.496835443037975
1963 27.9 0 39.9 0 24.5 0 5 5 -1 0.6 0 0.857142857142857 1954 1957 1964 5 5 -1 0.6 0 0.857142857142857 1954 1957 1964 5 6 -0.666666666666667 0.5 5 0.833333333333333 1954 1958 1964 0.373417721518987 0.341772151898734 0.427215189873418
1964 10.2 -1 15 -1 10.2 -1 4 5 -0.6 -0.333333333333333 1 -1 1964 1968 1976 4 5 -0.6 -0.333333333333333 1 -1 1964 1968 1976 6 6 -1 -0.5 1 -1 1964 1970 1976 0.161392405063291 0.142405063291139 0.240506329113924
1965 15.1 0 22 0 14.6 0 3 5 -0.2 -0.25 2 -0.75 1964 1968 1976 3 5 -0.2 -0.25 2 -0.75 1964 1968 1976 5 6 -0.666666666666667 -0.416666666666667 1 -0.833333333333333 1964 1970 1976 0.237341772151899 0.227848101265823 0.306962025316456
1966 47 0 66.8 0 43.8 0 2 5 0.2 -0.166666666666667 2 -0.5 1964 1968 1976 2 5 0.2 -0.166666666666667 2 -0.5 1964 1968 1976 4 6 -0.333333333333333 -0.333333333333333 1 -0.666666666666667 1964 1970 1976 0.561708860759494 0.509493670886076 0.596518987341772
1967 93.8 0 132.9 0 95.8 0 1 5 0.6 -0.0833333333333333 3 -0.25 1964 1968 1976 1 5 0.6 -0.0833333333333333 3 -0.25 1964 1968 1976 3 6 0 -0.25 2 -0.5 1964 1970 1976 0.849683544303797 0.800632911392405 0.89873417721519
1968 105.9 1 150 1 98.2 0 0 5 1 0 3 0 1964 1968 1976 0 5 1 0 3 0 1964 1968 1976 2 6 0.333333333333333 -0.166666666666667 2 -0.333333333333333 1964 1970 1976 0.89873417721519 0.857594936708861 0.917721518987342
1969 105.5 0 149.4 0 96 0 1 5 0.6 0.0833333333333333 3 0.125 1964 1968 1976 1 5 0.6 0.0833333333333333 3 0.125 1964 1968 1976 1 6 0.666666666666667 -0.0833333333333333 3 -0.166666666666667 1964 1970 1976 0.895569620253165 0.85126582278481 0.901898734177215
1970 104.5 0 148 0 108.5 1 2 5 0.2 0.166666666666667 4 0.25 1964 1968 1976 2 5 0.2 0.166666666666667 4 0.25 1964 1968 1976 0 6 1 0 3 0 1964 1970 1976 0.892405063291139 0.846518987341772 0.936708860759494
1971 66.6 0 94.4 0 73.5 0 3 5 -0.2 0.25 4 0.375 1964 1968 1976 3 5 -0.2 0.25 4 0.375 1964 1968 1976 1 6 0.666666666666667 0.0833333333333333 3 0.166666666666667 1964 1970 1976 0.723101265822785 0.639240506329114 0.819620253164557
1972 68.9 0 97.6 0 72 0 4 5 -0.6 0.333333333333333 5 0.5 1964 1968 1976 4 5 -0.6 0.333333333333333 5 0.5 1964 1968 1976 2 6 0.333333333333333 0.166666666666667 4 0.333333333333333 1964 1970 1976 0.740506329113924 0.64873417721519 0.814873417721519
1973 38 0 54.1 0 39.3 0 5 5 -1 0.416666666666667 5 0.625 1964 1968 1976 5 5 -1 0.416666666666667 5 0.625 1964 1968 1976 3 6 0 0.25 4 0.5 1964 1970 1976 0.479430379746835 0.424050632911392 0.563291139240506
1974 34.5 0 49.2 0 34 0 5 5 -1 0.5 5 0.75 1964 1968 1976 5 5 -1 0.5 5 0.75 1964 1968 1976 4 6 -0.333333333333333 0.333333333333333 5 0.666666666666667 1964 1970 1976 0.430379746835443 0.39873417721519 0.518987341772152
1975 15.5 0 22.5 0 15.1 0 4 5 -0.6 0.583333333333333 0 0.875 1964 1968 1976 4 5 -0.6 0.583333333333333 0 0.875 1964 1968 1976 4 6 -0.333333333333333 0.416666666666667 5 0.833333333333333 1964 1970 1976 0.243670886075949 0.231012658227848 0.310126582278481
1976 12.6 -1 18.4 -1 13.5 -1 3 5 -0.2 -0.3 2 -1 1976 1979 1986 3 5 -0.2 -0.3 2 -1 1976 1979 1986 3 5 -0.2 -0.3 2 -1 1976 1979 1986 0.208860759493671 0.189873417721519 0.286392405063291
1977 27.5 0 39.3 0 30.1 0 2 5 0.2 -0.2 2 -0.666666666666667 1976 1979 1986 2 5 0.2 -0.2 2 -0.666666666666667 1976 1979 1986 2 5 0.2 -0.2 2 -0.666666666666667 1976 1979 1986 0.368670886075949 0.338607594936709 0.481012658227848
1978 92.5 0 131 0 102.7 0 1 5 0.6 -0.1 3 -0.333333333333333 1976 1979 1986 1 5 0.6 -0.1 3 -0.333333333333333 1976 1979 1986 1 5 0.6 -0.1 3 -0.333333333333333 1976 1979 1986 0.837025316455696 0.794303797468354 0.927215189873418
1979 155.4 1 220.1 1 155.7 1 0 5 1 0 3 0 1976 1979 1986 0 5 1 0 3 0 1976 1979 1986 0 5 1 0 3 0 1976 1979 1986 0.987341772151899 0.981012658227848 0.993670886075949
1980 154.6 0 218.9 0 141.1 0 1 5 0.6 0.1 4 0.142857142857143 1976 1979 1986 1 5 0.6 0.1 4 0.142857142857143 1976 1979 1986 1 5 0.6 0.1 4 0.142857142857143 1976 1979 1986 0.984177215189873 0.974683544303797 0.974683544303797
1981 140.4 0 198.9 0 140.9 0 2 5 0.2 0.2 4 0.285714285714286 1976 1979 1986 2 5 0.2 0.2 4 0.285714285714286 1976 1979 1986 2 5 0.2 0.2 4 0.285714285714286 1976 1979 1986 0.965189873417722 0.94620253164557 0.971518987341772
1982 115.9 0 162.4 0 116.4 0 3 5 -0.2 0.3 5 0.428571428571429 1976 1979 1986 3 5 -0.2 0.3 5 0.428571428571429 1976 1979 1986 3 5 -0.2 0.3 5 0.428571428571429 1976 1979 1986 0.924050632911392 0.870253164556962 0.95253164556962
1983 66.6 0 91 0 71.6 0 4 5 -0.6 0.4 5 0.571428571428571 1976 1979 1986 4 5 -0.6 0.4 5 0.571428571428571 1976 1979 1986 4 5 -0.6 0.4 5 0.571428571428571 1976 1979 1986 0.723101265822785 0.632911392405063 0.805379746835443
1984 45.9 0 60.5 0 44 0 5 5 -1 0.5 5 0.714285714285714 1976 1979 1986 5 5 -1 0.5 5 0.714285714285714 1976 1979 1986 5 5 -1 0.5 5 0.714285714285714 1976 1979 1986 0.550632911392405 0.468354430379747 0.60126582278481
1985 17.9 0 20.6 0 16.9 0 4 5 -0.6 0.6 0 0.857142857142857 1976 1979 1986 4 5 -0.6 0.6 0 0.857142857142857 1976 1979 1986 5 5 -1 0.6 0 0.857142857142857 1976 1979 1986 0.284810126582278 0.218354430379747 0.34493670886076
1986 13.4 -1 14.8 -1 12.1 -1 3 5 -0.2 -0.3 2 -1 1986 1989 1996 3 5 -0.2 -0.3 2 -1 1986 1989 1996 4 5 -0.6 -0.4 1 -1 1986 1990 1996 0.218354430379747 0.139240506329114 0.265822784810127
1987 29.4 0 33.9 0 27.6 0 2 5 0.2 -0.2 2 -0.666666666666667 1986 1989 1996 2 5 0.2 -0.2 2 -0.666666666666667 1986 1989 1996 3 5 -0.2 -0.3 2 -0.75 1986 1990 1996 0.386075949367089 0.30379746835443 0.45253164556962
1988 100.2 0 123 0 89.3 0 1 5 0.6 -0.1 3 -0.333333333333333 1986 1989 1996 1 5 0.6 -0.1 3 -0.333333333333333 1986 1989 1996 2 5 0.2 -0.2 2 -0.5 1986 1990 1996 0.867088607594937 0.775316455696203 0.889240506329114
1989 157.6 1 211.1 1 147.7 0 0 5 1 0 3 0 1986 1989 1996 0 5 1 0 3 0 1986 1989 1996 1 5 0.6 -0.1 3 -0.25 1986 1990 1996 0.990506329113924 0.965189873417722 0.984177215189873
1990 142.2 0 191.8 0 148.5 1 1 5 0.6 0.1 4 0.142857142857143 1986 1989 1996 1 5 0.6 0.1 4 0.142857142857143 1986 1989 1996 0 5 1 0 3 0 1986 1990 1996 0.971518987341772 0.933544303797468 0.987341772151899
1991 145.8 0 203.3 0 146.2 0 2 5 0.2 0.2 4 0.285714285714286 1986 1989 1996 2 5 0.2 0.2 4 0.285714285714286 1986 1989 1996 1 5 0.6 0.1 4 0.166666666666667 1986 1990 1996 0.974683544303797 0.954113924050633 0.981012658227848
1992 94.5 0 133 0 96.2 0 3 5 -0.2 0.3 5 0.428571428571429 1986 1989 1996 3 5 -0.2 0.3 5 0.428571428571429 1986 1989 1996 2 5 0.2 0.2 4 0.333333333333333 1986 1990 1996 0.854430379746835 0.80379746835443 0.906645569620253
1993 54.7 0 76.1 0 53.9 0 4 5 -0.6 0.4 5 0.571428571428571 1986 1989 1996 4 5 -0.6 0.4 5 0.571428571428571 1986 1989 1996 3 5 -0.2 0.3 5 0.5 1986 1990 1996 0.617088607594937 0.55379746835443 0.680379746835443
1994 29.9 0 44.9 0 35.7 0 5 5 -1 0.5 5 0.714285714285714 1986 1989 1996 5 5 -1 0.5 5 0.714285714285714 1986 1989 1996 4 5 -0.6 0.4 5 0.666666666666667 1986 1990 1996 0.392405063291139 0.376582278481013 0.537974683544304
1995 17.5 0 25.1 0 19 0 5 5 -1 0.6 0 0.857142857142857 1986 1989 1996 5 5 -1 0.6 0 0.857142857142857 1986 1989 1996 5 5 -1 0.5 5 0.833333333333333 1986 1990 1996 0.281645569620253 0.254746835443038 0.376582278481013
1996 8.6 -1 11.6 -1 8.6 -1 4 8 0 -0.333333333333333 1 -1 1996 2000 2008 4 8 0 -0.333333333333333 1 -1 1996 2000 2008 4 8 0 -0.333333333333333 1 -1 1996 2000 2008 0.132911392405063 0.107594936708861 0.212025316455696
1997 21.6 0 28.9 0 21.6 0 3 8 0.25 -0.25 2 -0.75 1996 2000 2008 3 8 0.25 -0.25 2 -0.75 1996 2000 2008 3 8 0.25 -0.25 2 -0.75 1996 2000 2008 0.316455696202532 0.284810126582278 0.393987341772152
1998 64.2 0 88.3 0 64.2 0 2 8 0.5 -0.166666666666667 2 -0.5 1996 2000 2008 2 8 0.5 -0.166666666666667 2 -0.5 1996 2000 2008 2 8 0.5 -0.166666666666667 2 -0.5 1996 2000 2008 0.694620253164557 0.617088607594937 0.751582278481013
1999 93.4 0 136.3 0 93.4 0 1 8 0.75 -0.0833333333333333 3 -0.25 1996 2000 2008 1 8 0.75 -0.0833333333333333 3 -0.25 1996 2000 2008 1 8 0.75 -0.0833333333333333 3 -0.25 1996 2000 2008 0.844936708860759 0.819620253164557 0.892405063291139
2000 119.6 1 173.9 1 119.6 1 0 8 1 0 3 0 1996 2000 2008 0 8 1 0 3 0 1996 2000 2008 0 8 1 0 3 0 1996 2000 2008 0.930379746835443 0.901898734177215 0.955696202531646
2001 110.9 0 170.4 0 110.9 0 1 8 0.75 0.0833333333333333 3 0.125 1996 2000 2008 1 8 0.75 0.0833333333333333 3 0.125 1996 2000 2008 1 8 0.75 0.0833333333333333 3 0.125 1996 2000 2008 0.908227848101266 0.892405063291139 0.94620253164557
2002 104.1 0 163.6 0 104.1 0 2 8 0.5 0.166666666666667 4 0.25 1996 2000 2008 2 8 0.5 0.166666666666667 4 0.25 1996 2000 2008 2 8 0.5 0.166666666666667 4 0.25 1996 2000 2008 0.889240506329114 0.873417721518987 0.933544303797468
2003 63.6 0 99.3 0 63.6 0 3 8 0.25 0.25 4 0.375 1996 2000 2008 3 8 0.25 0.25 4 0.375 1996 2000 2008 3 8 0.25 0.25 4 0.375 1996 2000 2008 0.67879746835443 0.658227848101266 0.746835443037975
2004 40.4 0 65.3 0 40.4 0 4 8 0 0.333333333333333 5 0.5 1996 2000 2008 4 8 0 0.333333333333333 5 0.5 1996 2000 2008 4 8 0 0.333333333333333 5 0.5 1996 2000 2008 0.506329113924051 0.493670886075949 0.569620253164557
2005 29.8 0 45.8 0 29.8 0 5 8 -0.25 0.416666666666667 5 0.625 1996 2000 2008 5 8 -0.25 0.416666666666667 5 0.625 1996 2000 2008 5 8 -0.25 0.416666666666667 5 0.625 1996 2000 2008 0.389240506329114 0.386075949367089 0.47626582278481
2006 15.2 0 24.7 0 15.2 0 6 8 -0.5 0.5 5 0.75 1996 2000 2008 6 8 -0.5 0.5 5 0.75 1996 2000 2008 6 8 -0.5 0.5 5 0.75 1996 2000 2008 0.240506329113924 0.246835443037975 0.313291139240506
2007 7.6 0 12.6 0 7.6 0 7 8 -0.75 0.583333333333333 0 0.875 1996 2000 2008 7 8 -0.75 0.583333333333333 0 0.875 1996 2000 2008 7 8 -0.75 0.583333333333333 0 0.875 1996 2000 2008 0.117088607594937 0.117088607594937 0.185126582278481
2008 2.9 -1 4.2 -1 2.9 -1 8 8 -1 -0.545454545454545 0 -1 2008 2014 2019 8 8 -1 -0.545454545454545 0 -1 2008 2014 2019 8 8 -1 -0.545454545454545 0 -1 2008 2014 2019 0.0316455696202532 0.0268987341772152 0.0822784810126582
2009 3.1 0 4.8 0 3.1 0 9 8 -1.25 -0.454545454545455 1 -0.833333333333333 2008 2014 2019 9 8 -1.25 -0.454545454545455 1 -0.833333333333333 2008 2014 2019 9 8 -1.25 -0.454545454545455 1 -0.833333333333333 2008 2014 2019 0.0379746835443038 0.0348101265822785 0.0901898734177215
2010 16.5 0 24.9 0 16.5 0 10 8 -1.5 -0.363636363636364 1 -0.666666666666667 2008 2014 2019 10 8 -1.5 -0.363636363636364 1 -0.666666666666667 2008 2014 2019 10 8 -1.5 -0.363636363636364 1 -0.666666666666667 2008 2014 2019 0.268987341772152 0.25 0.338607594936709
2011 55.7 0 80.8 0 55.7 0 11 8 -1.75 -0.272727272727273 2 -0.5 2008 2014 2019 11 8 -1.75 -0.272727272727273 2 -0.5 2008 2014 2019 11 8 -1.75 -0.272727272727273 2 -0.5 2008 2014 2019 0.623417721518987 0.593354430379747 0.693037974683544
2012 57.7 0 84.5 0 57.7 0 12 8 -2 -0.181818181818182 2 -0.333333333333333 2008 2014 2019 12 8 -2 -0.181818181818182 2 -0.333333333333333 2008 2014 2019 12 8 -2 -0.181818181818182 2 -0.333333333333333 2008 2014 2019 0.632911392405063 0.607594936708861 0.704113924050633
2013 64.9 0 94 0 64.9 0 13 8 -2.25 -0.0909090909090909 3 -0.166666666666667 2008 2014 2019 13 8 -2.25 -0.0909090909090909 3 -0.166666666666667 2008 2014 2019 13 8 -2.25 -0.0909090909090909 3 -0.166666666666667 2008 2014 2019 0.707278481012658 0.636075949367089 0.759493670886076
2014 78.9 1 113.3 1 78.9 1 14 8 -2.5 0 3 0 2008 2014 2019 14 8 -2.5 0 3 0 2008 2014 2019 14 8 -2.5 0 3 0 2008 2014 2019 0.787974683544304 0.737341772151899 0.838607594936709
2015 69.8 0 69.8 0 69.8 0 NA NA NA NA NA NA NA NA NA NA NA NA NA NA NA NA NA NA NA NA NA NA NA NA NA NA NA 0.751582278481013 0.522151898734177 0.787974683544304
